Id	Time	Plate	Row	Column	Source well	Clog	Sorted status	In Regions	TOF	Extinction	Green	Yellow	Red	PH Extinction	PW Extinction	PC Extinction	PH Green	PW Green	PC Green	PH Yellow	PW Yellow	PC Yellow	PH Red	PW Red	PC Red	
12	2492	n/a	0	0	n/a	N	0	1010	1485	1411	469	8.35	1.91	65535	1456	n/a	27545	1484	n/a	525	1472	n/a	88	1484	n/a	
13	3130	n/a	0	0	n/a	N	0	1010	1277	801	415	6.98	1.49	32594	1212	n/a	17697	1276	n/a	323	1252	n/a	57	1276	n/a	
20	4376	n/a	0	0	n/a	N	0	1010	1139	596	264	4.72	1.26	50357	952	n/a	25937	1136	n/a	429	1132	n/a	64	1136	n/a	
33	8344	n/a	0	0	n/a	N	0	1010	1514	931	420	7.06	1.72	27167	1328	n/a	15782	1512	n/a	258	1472	n/a	58	1512	n/a	
34	8706	n/a	0	0	n/a	N	0	1010	1113	613	340	5.81	1.25	50647	932	n/a	35511	1112	n/a	584	1088	n/a	75	1112	n/a	
39	9485	n/a	0	0	n/a	N	0	0010	876	658	314	5.54	1.08	33395	832	n/a	29749	876	n/a	478	876	n/a	60	876	n/a	
45	11737	n/a	0	0	n/a	N	0	1010	2030	1062	455	7.75	2.22	20854	1832	n/a	16968	2028	n/a	248	1984	n/a	73	2028	n/a	
46	11741	n/a	0	0	n/a	N	0	1010	1395	1084	424	7.28	1.61	48630	1356	n/a	23292	1392	n/a	416	1384	n/a	62	1392	n/a	
47	11754	n/a	0	0	n/a	N	0	0010	2700	3146	614	11.5	3.64	50241	2628	n/a	11196	2700	n/a	248	2604	n/a	74	2700	n/a	
57	13553	n/a	0	0	n/a	N	0	1010	2008	1699	394	7.36	2.41	33157	1964	n/a	10626	2008	n/a	198	1972	n/a	67	2008	n/a	
58	13749	n/a	0	0	n/a	N	0	0010	1036	541	234	4.32	1.13	26594	1008	n/a	12397	1036	n/a	233	1036	n/a	65	1036	n/a	
78	17142	n/a	0	0	n/a	N	0	1010	1178	599	263	4.73	1.22	20279	1000	n/a	12032	1176	n/a	231	1168	n/a	55	1176	n/a	
82	17827	n/a	0	0	n/a	N	0	1010	2069	1529	430	7.87	2.42	30844	1976	n/a	13296	2064	n/a	253	2028	n/a	61	2068	n/a	
84	19170	n/a	0	0	n/a	N	0	1010	1293	668	289	5.27	1.37	20423	1168	n/a	13508	1292	n/a	243	1272	n/a	57	1292	n/a	
86	19282	n/a	0	0	n/a	N	0	0010	1067	443	242	4.49	1.22	54950	336	n/a	26970	1064	n/a	481	1020	n/a	57	1064	n/a	
92	21017	n/a	0	0	n/a	N	0	1010	1228	991	411	7.36	1.64	65535	1156	n/a	34817	1228	n/a	631	1184	n/a	82	1228	n/a	
93	21293	n/a	0	0	n/a	N	0	1010	2267	2117	451	8.48	2.85	40901	2180	n/a	11558	2264	n/a	231	2228	n/a	61	2264	n/a	
95	21311	n/a	0	0	n/a	N	0	1010	2133	1110	448	7.39	2.34	23784	1688	n/a	14947	2096	n/a	257	1996	n/a	57	2132	n/a	
96	21400	n/a	0	0	n/a	N	0	1010	2040	1583	311	6.36	2.37	31873	1960	n/a	9455	2040	n/a	184	2024	n/a	63	2040	n/a	
113	23820	n/a	0	0	n/a	N	0	1010	1895	1637	395	7.42	2.29	55063	1856	n/a	16852	1892	n/a	315	1856	n/a	60	1892	n/a	
125	25603	n/a	0	0	n/a	N	0	1010	1406	1033	403	6.92	1.63	42281	1348	n/a	23386	1404	n/a	429	1352	n/a	61	1404	n/a	
127	25756	n/a	0	0	n/a	N	0	0010	855	776	265	4.93	1.16	65535	804	n/a	21509	852	n/a	393	852	n/a	71	852	n/a	
128	25801	n/a	0	0	n/a	N	0	1010	1198	700	240	4.50	1.35	34530	1100	n/a	14149	1196	n/a	271	1176	n/a	66	1196	n/a	
136	27364	n/a	0	0	n/a	N	0	1010	1459	624	238	4.66	1.45	24048	932	n/a	11594	1456	n/a	209	1456	n/a	57	1456	n/a	
137	28395	n/a	0	0	n/a	N	0	1010	1543	494	236	4.60	1.58	17651	816	n/a	9071	1540	n/a	170	1532	n/a	53	1540	n/a	
143	30823	n/a	0	0	n/a	N	0	1010	1404	605	281	5.12	1.46	18174	1192	n/a	14249	1400	n/a	247	1348	n/a	66	1400	n/a	
144	31092	n/a	0	0	n/a	N	0	0010	869	699	336	5.90	1.10	58430	692	n/a	34769	868	n/a	603	864	n/a	77	868	n/a	
146	31324	n/a	0	0	n/a	N	0	1010	1188	598	240	4.55	1.26	22194	1052	n/a	13376	1188	n/a	246	1136	n/a	64	1188	n/a	
147	31686	n/a	0	0	n/a	N	0	1010	1025	900	451	7.50	1.32	48446	904	n/a	44227	1024	n/a	752	1012	n/a	83	1024	n/a	
156	33639	n/a	0	0	n/a	N	0	0010	987	580	336	5.81	1.11	38480	796	n/a	30204	984	n/a	539	936	n/a	69	984	n/a	
158	33808	n/a	0	0	n/a	N	0	1010	1660	729	314	5.81	1.77	22705	1120	n/a	13346	1660	n/a	233	1648	n/a	60	1660	n/a	
162	34285	n/a	0	0	n/a	N	0	1010	1439	722	272	5.01	1.50	21411	1220	n/a	12023	1432	n/a	224	1368	n/a	60	1436	n/a	
168	36237	n/a	0	0	n/a	N	0	1010	1444	538	302	5.60	1.60	21299	748	n/a	10982	1444	n/a	190	1436	n/a	57	1444	n/a	
173	37176	n/a	0	0	n/a	N	0	1010	807	916	428	7.37	1.09	65535	720	n/a	42768	804	n/a	712	804	n/a	79	804	n/a	
176	37600	n/a	0	0	n/a	N	0	1010	2409	2451	292	7.48	3.14	40854	2328	n/a	6400	2396	n/a	179	2360	n/a	70	2408	n/a	
177	37743	n/a	0	0	n/a	N	0	1010	1183	566	304	5.42	1.27	20158	1048	n/a	14813	1180	n/a	263	1168	n/a	56	1180	n/a	
188	39492	n/a	0	0	n/a	N	0	1010	1249	544	204	4.09	1.37	20815	1076	n/a	9225	1248	n/a	174	1248	n/a	57	1248	n/a	
193	40615	n/a	0	0	n/a	N	0	1010	1753	1178	286	5.63	1.93	28663	1604	n/a	10674	1736	n/a	201	1644	n/a	62	1752	n/a	
194	40617	n/a	0	0	n/a	N	0	0010	1100	545	335	6.03	1.32	43225	744	n/a	39759	1100	n/a	677	1100	n/a	76	1100	n/a	
205	43031	n/a	0	0	n/a	N	0	1010	1508	1208	287	5.66	1.81	65535	1444	n/a	19390	1508	n/a	386	1500	n/a	73	1508	n/a	
212	44930	n/a	0	0	n/a	N	0	0010	1083	477	243	4.33	1.10	21869	932	n/a	13155	1080	n/a	226	1068	n/a	59	1080	n/a	
219	46800	n/a	0	0	n/a	N	0	1010	1519	844	436	7.10	1.70	34232	1376	n/a	24928	1516	n/a	442	1452	n/a	76	1516	n/a	
228	49824	n/a	0	0	n/a	N	0	1010	1461	789	359	6.32	1.56	23229	1324	n/a	13373	1460	n/a	230	1440	n/a	54	1460	n/a	
235	50633	n/a	0	0	n/a	N	0	1010	1279	800	142	3.32	1.36	34302	1236	n/a	7078	1276	n/a	180	1276	n/a	57	1276	n/a	
236	50717	n/a	0	0	n/a	N	0	0010	958	611	281	4.99	1.07	36624	920	n/a	21618	956	n/a	382	956	n/a	60	956	n/a	
240	51346	n/a	0	0	n/a	N	0	1010	1329	862	426	7.71	1.59	65535	1032	n/a	51996	1328	n/a	862	1320	n/a	91	1328	n/a	
257	54489	n/a	0	0	n/a	N	0	1010	1130	592	197	3.88	1.24	40021	948	n/a	12042	1120	n/a	229	1128	n/a	58	1128	n/a	
261	55654	n/a	0	0	n/a	N	0	1010	1370	855	412	6.96	1.56	30554	1204	n/a	30404	1364	n/a	536	1324	n/a	72	1368	n/a	
274	58439	n/a	0	0	n/a	N	0	0010	1064	551	203	3.89	1.12	45566	664	n/a	26721	1064	n/a	494	1048	n/a	70	1064	n/a	
283	59797	n/a	0	0	n/a	N	0	1010	1599	1200	360	6.56	1.75	29961	1524	n/a	15674	1596	n/a	252	1540	n/a	61	1596	n/a	
297	65703	n/a	0	0	n/a	N	0	0010	765	694	261	4.88	1.06	53805	708	n/a	31128	764	n/a	555	764	n/a	66	764	n/a	
300	66057	n/a	0	0	n/a	N	0	0010	1009	577	242	4.46	1.15	61593	712	n/a	22941	1008	n/a	423	976	n/a	67	1008	n/a	
305	67143	n/a	0	0	n/a	N	0	1010	1581	937	465	7.79	1.79	26783	1432	n/a	17069	1580	n/a	272	1532	n/a	63	1580	n/a	
307	67267	n/a	0	0	n/a	N	0	1010	1232	1018	380	6.59	1.49	57118	1068	n/a	31489	1224	n/a	530	1176	n/a	75	1232	n/a	
312	68013	n/a	0	0	n/a	N	0	0010	978	509	330	5.62	1.14	25579	824	n/a	26520	976	n/a	465	936	n/a	56	976	n/a	
313	68876	n/a	0	0	n/a	N	0	1010	1488	662	227	4.37	1.53	18072	1260	n/a	8926	1488	n/a	166	1488	n/a	54	1488	n/a	
314	68950	n/a	0	0	n/a	N	0	1010	1575	687	349	6.31	1.81	21276	1168	n/a	16138	1572	n/a	280	1556	n/a	60	1572	n/a	
316	69160	n/a	0	0	n/a	N	0	0010	1235	476	169	3.60	1.38	16054	1012	n/a	8941	1232	n/a	176	1232	n/a	62	1232	n/a	
320	69445	n/a	0	0	n/a	N	0	1010	1522	827	304	5.50	1.57	23823	1340	n/a	11467	1516	n/a	197	1440	n/a	57	1520	n/a	
321	69512	n/a	0	0	n/a	N	0	1010	1102	1302	163	5.77	2.25	65535	1072	n/a	10461	1100	n/a	399	1100	n/a	136	1100	n/a	
325	69966	n/a	0	0	n/a	N	0	1010	1771	1224	459	8.05	2.00	29193	1600	n/a	21761	1760	n/a	346	1636	n/a	62	1768	n/a	
329	70369	n/a	0	0	n/a	N	0	1010	2051	1916	480	8.36	2.37	53664	1812	n/a	13691	2048	n/a	276	2000	n/a	73	2048	n/a	
340	72867	n/a	0	0	n/a	N	0	1010	1544	530	288	5.15	1.61	15384	1176	n/a	12190	1540	n/a	203	1480	n/a	51	1544	n/a	
345	73546	n/a	0	0	n/a	N	0	1010	1927	1614	376	7.00	2.33	43562	1864	n/a	17133	1924	n/a	321	1852	n/a	70	1924	n/a	
352	74811	n/a	0	0	n/a	N	0	1010	1242	577	247	4.68	1.35	18931	1020	n/a	14521	1236	n/a	234	1232	n/a	56	1240	n/a	
357	76373	n/a	0	0	n/a	N	0	0010	1005	506	222	4.12	1.11	19354	952	n/a	11172	1004	n/a	216	1000	n/a	56	1004	n/a	
359	76974	n/a	0	0	n/a	N	0	1010	1676	906	373	6.44	1.74	64190	1544	n/a	35636	1676	n/a	634	1672	n/a	68	1676	n/a	
368	79442	n/a	0	0	n/a	N	0	0010	1151	411	140	3.02	1.12	13844	848	n/a	6900	1148	n/a	133	1140	n/a	52	1148	n/a	
369	79751	n/a	0	0	n/a	N	0	1010	1740	1182	414	7.21	1.92	27559	1664	n/a	15035	1740	n/a	269	1716	n/a	59	1740	n/a	
377	81774	n/a	0	0	n/a	N	0	1010	1429	1181	319	6.00	1.77	59803	1360	n/a	20693	1428	n/a	382	1380	n/a	66	1428	n/a	
385	82665	n/a	0	0	n/a	N	0	1010	1816	1146	283	5.68	1.85	26626	1552	n/a	9423	1812	n/a	210	1800	n/a	75	1816	n/a	
386	82688	n/a	0	0	n/a	N	0	0010	1058	459	158	3.33	1.11	17649	988	n/a	10134	1056	n/a	186	1056	n/a	60	1056	n/a	
387	82828	n/a	0	0	n/a	N	0	1010	1487	633	224	4.60	1.67	17576	1256	n/a	9014	1484	n/a	166	1484	n/a	55	1484	n/a	
394	84237	n/a	0	0	n/a	N	0	1010	2534	2582	605	10.7	3.38	63780	2488	n/a	20500	2516	n/a	393	2372	n/a	77	2528	n/a	
400	86083	n/a	0	0	n/a	N	0	0011	3302	3741	668	15.1	5.64	51467	3148	n/a	13699	3292	n/a	332	3108	n/a	123	3268	n/a	
404	86791	n/a	0	0	n/a	N	0	1010	1131	766	379	6.48	1.33	54325	940	n/a	33787	1128	n/a	618	1128	n/a	81	1128	n/a	
407	87935	n/a	0	0	n/a	N	0	1010	1323	605	354	6.02	1.41	21276	1096	n/a	20007	1320	n/a	329	1280	n/a	59	1320	n/a	
408	88072	n/a	0	0	n/a	N	0	1010	1328	656	156	3.54	1.34	21495	1144	n/a	7797	1328	n/a	158	1316	n/a	58	1328	n/a	
415	88800	n/a	0	0	n/a	N	0	1010	2222	1814	354	7.25	2.77	34101	2116	n/a	9836	2208	n/a	201	2184	n/a	77	2220	n/a	
418	90246	n/a	0	0	n/a	N	0	0010	1149	528	237	4.41	1.24	18727	944	n/a	12552	1148	n/a	223	1148	n/a	59	1148	n/a	
419	90525	n/a	0	0	n/a	N	0	0010	2885	2762	559	10.6	3.81	48744	2712	n/a	18042	2884	n/a	311	2848	n/a	72	2884	n/a	
453	97308	n/a	0	0	n/a	N	0	1010	2055	1925	443	8.40	2.60	38653	2012	n/a	12342	2052	n/a	229	1988	n/a	68	2052	n/a	
460	98973	n/a	0	0	n/a	N	0	1010	1535	1080	411	7.31	1.77	28094	1452	n/a	16141	1532	n/a	264	1516	n/a	61	1532	n/a	
462	99675	n/a	0	0	n/a	N	0	1010	1392	1157	254	5.30	1.74	56980	1368	n/a	14099	1392	n/a	295	1384	n/a	84	1392	n/a	
463	99881	n/a	0	0	n/a	N	0	0010	1138	543	306	5.34	1.29	19536	932	n/a	15829	1136	n/a	277	1080	n/a	68	1136	n/a	
465	100179	n/a	0	0	n/a	N	0	0010	829	635	256	4.70	1.02	47908	632	n/a	26721	828	n/a	476	820	n/a	60	828	n/a	
473	101096	n/a	0	0	n/a	N	0	1010	1419	1042	586	9.77	1.76	46723	1360	n/a	36289	1416	n/a	642	1336	n/a	71	1416	n/a	
490	103839	n/a	0	0	n/a	N	0	1010	1315	658	378	6.32	1.41	31375	1172	n/a	26629	1312	n/a	450	1296	n/a	63	1312	n/a	
495	105026	n/a	0	0	n/a	N	0	1010	2562	2753	420	10.8	4.25	51651	2424	n/a	9552	2496	n/a	290	2376	n/a	116	2556	n/a	
497	105085	n/a	0	0	n/a	N	0	0010	1070	442	133	2.92	1.11	22093	888	n/a	8435	1068	n/a	175	1068	n/a	58	1068	n/a	
498	105529	n/a	0	0	n/a	N	0	0010	1069	470	169	3.32	1.11	22787	900	n/a	10560	1068	n/a	201	1036	n/a	55	1068	n/a	
503	106409	n/a	0	0	n/a	N	0	1010	1619	679	254	4.85	1.64	17103	1484	n/a	9473	1616	n/a	162	1616	n/a	57	1616	n/a	
505	106661	n/a	0	0	n/a	N	0	0010	1012	527	367	6.26	1.19	24385	928	n/a	18790	1012	n/a	317	992	n/a	56	1012	n/a	
513	109470	n/a	0	0	n/a	N	0	0010	1174	498	215	3.97	1.19	35958	1008	n/a	17465	1172	n/a	338	1172	n/a	71	1172	n/a	
516	110651	n/a	0	0	n/a	N	0	1010	1644	1469	511	8.64	1.97	65535	1620	n/a	23676	1644	n/a	451	1620	n/a	69	1644	n/a	
517	110746	n/a	0	0	n/a	N	0	1010	1204	535	213	4.00	1.18	18391	980	n/a	12030	1204	n/a	225	1180	n/a	52	1204	n/a	
520	111832	n/a	0	0	n/a	N	0	1010	1045	894	405	6.76	1.24	58902	960	n/a	34236	1044	n/a	588	1028	n/a	65	1044	n/a	
527	112502	n/a	0	0	n/a	N	0	1010	1044	677	355	6.10	1.16	54878	1008	n/a	42886	1044	n/a	759	1044	n/a	84	1044	n/a	
529	112562	n/a	0	0	n/a	N	0	1010	1560	905	419	7.14	1.71	23465	1412	n/a	17386	1560	n/a	283	1508	n/a	66	1560	n/a	
533	114352	n/a	0	0	n/a	N	0	1010	1144	599	279	4.98	1.20	20381	1028	n/a	14161	1144	n/a	249	1132	n/a	53	1144	n/a	
540	115917	n/a	0	0	n/a	N	0	1010	1136	545	240	4.41	1.20	19704	948	n/a	12669	1136	n/a	227	1132	n/a	52	1136	n/a	
543	116882	n/a	0	0	n/a	N	0	1010	1756	1335	376	6.90	2.04	31034	1632	n/a	11844	1756	n/a	220	1668	n/a	64	1756	n/a	
547	118385	n/a	0	0	n/a	N	0	1010	1746	1097	380	6.67	2.01	26951	1568	n/a	11873	1700	n/a	207	1636	n/a	59	1744	n/a	
554	120242	n/a	0	0	n/a	N	0	1010	1651	1022	461	7.80	1.78	27374	1496	n/a	16998	1648	n/a	297	1528	n/a	58	1648	n/a	
556	120385	n/a	0	0	n/a	N	0	0010	1018	469	210	3.99	1.15	18630	860	n/a	11088	1016	n/a	210	1016	n/a	55	1016	n/a	
561	122727	n/a	0	0	n/a	N	0	0010	1133	411	180	3.52	1.15	15653	732	n/a	8768	1132	n/a	182	1132	n/a	53	1132	n/a	
562	122864	n/a	0	0	n/a	N	0	1010	1421	462	155	3.27	1.30	13305	976	n/a	7252	1420	n/a	129	1420	n/a	51	1420	n/a	
563	123113	n/a	0	0	n/a	N	0	1010	1099	615	327	5.55	1.17	42427	872	n/a	28461	1096	n/a	476	1084	n/a	57	1096	n/a	
566	123684	n/a	0	0	n/a	N	0	1010	1381	701	254	4.74	1.45	22553	1152	n/a	13326	1380	n/a	230	1380	n/a	57	1380	n/a	
568	124142	n/a	0	0	n/a	N	0	1010	1451	534	241	4.77	1.63	15434	1080	n/a	10684	1448	n/a	189	1448	n/a	66	1448	n/a	
571	125298	n/a	0	0	n/a	N	0	1010	1974	2007	371	7.36	2.48	41505	1944	n/a	9849	1972	n/a	206	1956	n/a	67	1972	n/a	
575	126642	n/a	0	0	n/a	N	0	0010	782	751	268	4.98	1.06	59739	716	n/a	35061	780	n/a	609	760	n/a	81	780	n/a	
576	126691	n/a	0	0	n/a	N	0	1010	1000	998	466	7.85	1.23	50617	852	n/a	32957	1000	n/a	582	908	n/a	65	1000	n/a	
578	127096	n/a	0	0	n/a	N	0	1010	1146	551	205	3.98	1.27	19102	1024	n/a	10361	1144	n/a	196	1144	n/a	53	1144	n/a	
588	128321	n/a	0	0	n/a	N	0	0010	710	781	191	3.74	0.87	61907	684	n/a	20236	708	n/a	342	708	n/a	65	708	n/a	
604	130902	n/a	0	0	n/a	N	0	1010	1619	531	179	4.15	1.75	13923	1084	n/a	8035	1616	n/a	164	1616	n/a	67	1616	n/a	
605	131099	n/a	0	0	n/a	N	0	1010	1129	1025	198	4.18	1.28	64779	1068	n/a	16210	1124	n/a	348	1108	n/a	77	1128	n/a	
627	135694	n/a	0	0	n/a	N	0	1010	2313	1908	302	6.78	2.73	40866	2204	n/a	9842	2300	n/a	202	2280	n/a	60	2312	n/a	
628	135988	n/a	0	0	n/a	N	0	1010	1790	1077	367	6.53	1.88	26582	1644	n/a	16542	1776	n/a	303	1712	n/a	59	1788	n/a	
631	137743	n/a	0	0	n/a	N	0	1010	1303	628	255	4.62	1.29	19538	1216	n/a	12723	1300	n/a	239	1288	n/a	55	1300	n/a	
632	138114	n/a	0	0	n/a	N	0	1010	1766	2189	512	9.60	2.49	65535	1680	n/a	24688	1764	n/a	493	1676	n/a	95	1764	n/a	
639	139822	n/a	0	0	n/a	N	0	1010	1295	611	393	6.51	1.42	19373	1092	n/a	16954	1292	n/a	285	1204	n/a	70	1292	n/a	
642	140769	n/a	0	0	n/a	N	0	1010	1219	737	296	5.25	1.39	39148	1148	n/a	18541	1216	n/a	338	1208	n/a	67	1216	n/a	
644	141043	n/a	0	0	n/a	N	0	1010	1552	831	293	5.42	1.74	22019	1368	n/a	11343	1552	n/a	199	1524	n/a	58	1552	n/a	
655	142578	n/a	0	0	n/a	N	0	1010	1360	873	737	11.9	1.71	65535	660	n/a	58991	1360	n/a	980	1360	n/a	79	1360	n/a	
658	143173	n/a	0	0	n/a	N	0	1010	1633	1663	476	8.38	2.16	64491	1584	n/a	29137	1632	n/a	530	1568	n/a	81	1632	n/a	
662	144181	n/a	0	0	n/a	N	0	1010	1548	1169	314	5.95	1.72	30686	1516	n/a	12556	1544	n/a	231	1520	n/a	58	1548	n/a	
664	144472	n/a	0	0	n/a	N	0	1010	1726	1142	182	4.51	2.04	26984	1644	n/a	6119	1720	n/a	132	1724	n/a	59	1724	n/a	
667	144815	n/a	0	0	n/a	N	0	1010	1224	683	267	4.86	1.31	47504	1044	n/a	22428	1224	n/a	411	1172	n/a	57	1224	n/a	
668	144893	n/a	0	0	n/a	N	0	0010	1144	380	146	3.04	1.14	12941	892	n/a	7771	1144	n/a	137	1144	n/a	55	1144	n/a	
680	147087	n/a	0	0	n/a	N	0	0011	3337	3738	695	14.4	5.17	53607	3284	n/a	12961	3328	n/a	296	3168	n/a	102	3336	n/a	
686	148458	n/a	0	0	n/a	N	0	0010	986	470	179	3.44	1.02	29413	944	n/a	12577	984	n/a	236	984	n/a	49	984	n/a	
689	148671	n/a	0	0	n/a	N	0	1010	1560	700	307	5.46	1.61	18148	1376	n/a	15655	1560	n/a	287	1556	n/a	70	1560	n/a	
690	148770	n/a	0	0	n/a	N	0	1010	1205	541	250	4.71	1.24	38328	1024	n/a	22215	1204	n/a	367	1200	n/a	57	1204	n/a	
691	148775	n/a	0	0	n/a	N	0	1010	1101	731	303	5.24	1.25	53816	912	n/a	26883	1100	n/a	452	1100	n/a	60	1100	n/a	
697	150235	n/a	0	0	n/a	N	0	0010	2599	2896	584	10.8	3.47	46760	2524	n/a	12119	2596	n/a	227	2568	n/a	74	2596	n/a	
700	150989	n/a	0	0	n/a	N	0	1010	1302	754	370	6.46	1.52	24821	1164	n/a	16065	1300	n/a	268	1292	n/a	56	1300	n/a	
701	151145	n/a	0	0	n/a	N	0	1010	1306	1054	268	5.24	1.56	58858	1256	n/a	16105	1304	n/a	326	1292	n/a	68	1304	n/a	
707	152913	n/a	0	0	n/a	N	0	0010	997	500	288	5.05	1.06	50731	824	n/a	36395	996	n/a	635	992	n/a	71	996	n/a	
717	154047	n/a	0	0	n/a	N	0	0010	1010	621	285	5.14	1.17	42220	972	n/a	19883	1008	n/a	346	1008	n/a	68	1008	n/a	
720	155767	n/a	0	0	n/a	N	0	1010	1587	1085	412	7.14	1.77	28288	1468	n/a	15416	1576	n/a	290	1484	n/a	60	1584	n/a	
727	157856	n/a	0	0	n/a	N	0	1010	891	829	413	7.04	1.26	64101	796	n/a	34762	888	n/a	566	872	n/a	72	888	n/a	
733	158383	n/a	0	0	n/a	N	0	1010	1955	1541	383	7.20	2.25	32837	1836	n/a	12058	1952	n/a	212	1912	n/a	61	1952	n/a	
734	158555	n/a	0	0	n/a	N	0	1010	1609	805	394	6.80	1.66	24575	1340	n/a	20549	1592	n/a	359	1524	n/a	61	1608	n/a	
738	159396	n/a	0	0	n/a	N	0	1010	1520	1828	656	11.3	2.08	65535	1432	n/a	39545	1520	n/a	729	1416	n/a	88	1516	n/a	
754	162425	n/a	0	0	n/a	N	0	1010	1764	1359	269	5.90	2.23	41781	1488	n/a	10841	1760	n/a	251	1720	n/a	76	1764	n/a	
760	164307	n/a	0	0	n/a	N	0	1010	1084	662	260	4.91	1.34	62526	576	n/a	23546	1084	n/a	431	1068	n/a	66	1084	n/a	
761	164535	n/a	0	0	n/a	N	0	0010	1053	460	181	3.49	1.04	20605	956	n/a	15302	1052	n/a	269	1052	n/a	56	1052	n/a	
762	164624	n/a	0	0	n/a	N	0	0010	1122	537	282	5.29	1.28	41872	976	n/a	25736	1120	n/a	448	1120	n/a	73	1120	n/a	
766	165886	n/a	0	0	n/a	N	0	1010	1579	1167	368	6.94	1.97	53579	1540	n/a	19188	1576	n/a	405	1544	n/a	73	1576	n/a	
780	170627	n/a	0	0	n/a	N	0	0010	1028	471	219	4.06	1.03	19121	876	n/a	12186	1028	n/a	228	1028	n/a	54	1028	n/a	
782	170701	n/a	0	0	n/a	N	0	1010	2479	2243	422	8.35	2.97	43401	2400	n/a	10048	2476	n/a	205	2448	n/a	66	2476	n/a	
783	170813	n/a	0	0	n/a	N	0	0010	1065	581	232	4.37	1.24	22438	1012	n/a	14638	1064	n/a	270	1052	n/a	69	1064	n/a	
786	171631	n/a	0	0	n/a	N	0	1010	1094	593	304	5.36	1.25	55624	584	n/a	26696	1092	n/a	462	1088	n/a	65	1092	n/a	
789	172281	n/a	0	0	n/a	N	0	1010	1777	1065	340	6.09	1.88	24195	1616	n/a	10147	1776	n/a	185	1724	n/a	59	1776	n/a	
794	173071	n/a	0	0	n/a	N	0	1010	1462	943	460	7.89	1.68	26734	1360	n/a	16782	1460	n/a	292	1436	n/a	57	1460	n/a	
799	173615	n/a	0	0	n/a	N	0	0010	1015	519	266	4.75	1.16	22380	864	n/a	20967	1012	n/a	371	1012	n/a	66	1012	n/a	
808	174634	n/a	0	0	n/a	N	0	0010	1025	505	217	4.04	1.09	24137	920	n/a	11606	1024	n/a	209	1024	n/a	52	1024	n/a	
809	175007	n/a	0	0	n/a	N	0	0010	1088	468	205	3.91	1.16	36372	884	n/a	21382	1088	n/a	396	1088	n/a	62	1088	n/a	
810	175074	n/a	0	0	n/a	N	0	1010	1469	595	231	4.35	1.50	17694	1244	n/a	8754	1456	n/a	180	1416	n/a	54	1468	n/a	
819	176555	n/a	0	0	n/a	N	0	1010	1544	578	272	5.00	1.47	16496	1124	n/a	13006	1544	n/a	226	1504	n/a	61	1544	n/a	
826	178243	n/a	0	0	n/a	N	0	1010	1275	713	262	4.83	1.40	26427	1132	n/a	11050	1272	n/a	204	1244	n/a	60	1272	n/a	
834	180007	n/a	0	0	n/a	N	0	1010	1374	682	272	4.96	1.51	21060	1188	n/a	12500	1372	n/a	209	1356	n/a	56	1372	n/a	
836	180064	n/a	0	0	n/a	N	0	1010	2411	2911	662	12.1	3.38	65535	2384	n/a	23615	2408	n/a	485	2360	n/a	91	2408	n/a	
842	181382	n/a	0	0	n/a	N	0	1010	1363	1372	416	7.49	1.78	65535	1308	n/a	27801	1360	n/a	502	1332	n/a	77	1360	n/a	
858	184808	n/a	0	0	n/a	N	0	1010	1442	883	342	5.93	1.57	24066	1296	n/a	11754	1440	n/a	234	1356	n/a	56	1440	n/a	
878	189414	n/a	0	0	n/a	N	0	1010	1376	503	242	4.42	1.37	15085	1108	n/a	10028	1376	n/a	180	1328	n/a	53	1376	n/a	
879	189515	n/a	0	0	n/a	N	0	0010	965	667	295	5.24	1.21	31673	892	n/a	34465	964	n/a	606	952	n/a	76	964	n/a	
881	189736	n/a	0	0	n/a	N	0	0010	1240	468	153	3.27	1.29	15761	876	n/a	7892	1240	n/a	153	1208	n/a	63	1240	n/a	
895	192121	n/a	0	0	n/a	N	0	1010	1186	595	252	4.66	1.28	52199	996	n/a	31614	1180	n/a	528	1156	n/a	79	1184	n/a	
898	192336	n/a	0	0	n/a	N	0	1010	1419	1072	594	9.56	1.67	42180	1344	n/a	27804	1416	n/a	465	1364	n/a	71	1416	n/a	
904	192986	n/a	0	0	n/a	N	0	0010	846	632	256	4.66	1.08	53195	796	n/a	23840	844	n/a	437	836	n/a	73	844	n/a	
906	193812	n/a	0	0	n/a	N	0	1010	1910	1561	387	7.10	2.26	33860	1708	n/a	11570	1892	n/a	225	1820	n/a	64	1908	n/a	
908	193847	n/a	0	0	n/a	N	0	1010	1953	1620	341	6.66	2.24	35331	1828	n/a	13667	1948	n/a	245	1880	n/a	60	1952	n/a	
917	195339	n/a	0	0	n/a	N	0	0010	963	493	239	4.28	1.04	46060	780	n/a	28081	960	n/a	499	940	n/a	62	960	n/a	
928	197511	n/a	0	0	n/a	N	0	1010	2164	1796	288	6.48	2.53	35826	2068	n/a	7796	2164	n/a	160	2140	n/a	65	2164	n/a	
934	198347	n/a	0	0	n/a	N	0	0010	965	536	243	4.63	1.12	36812	892	n/a	18466	964	n/a	292	964	n/a	60	964	n/a	
935	198347	n/a	0	0	n/a	N	0	1010	1670	624	177	3.26	1.61	15810	1304	n/a	5826	1660	n/a	134	1660	n/a	63	1664	n/a	
936	198845	n/a	0	0	n/a	N	0	1010	1326	708	310	5.47	1.45	22202	1128	n/a	14050	1324	n/a	237	1260	n/a	61	1324	n/a	
950	201597	n/a	0	0	n/a	N	0	1010	1194	535	233	4.37	1.29	19792	968	n/a	15803	1192	n/a	261	1168	n/a	60	1192	n/a	
951	201831	n/a	0	0	n/a	N	0	0011	3096	3437	608	15.1	5.77	65535	2888	n/a	13708	3084	n/a	313	2892	n/a	127	3068	n/a	
955	202663	n/a	0	0	n/a	N	0	1010	1459	827	336	5.89	1.57	22680	1284	n/a	13755	1456	n/a	240	1384	n/a	59	1456	n/a	
958	202822	n/a	0	0	n/a	N	0	1010	1652	652	268	5.27	1.85	18902	1112	n/a	10607	1652	n/a	191	1632	n/a	62	1652	n/a	
970	206490	n/a	0	0	n/a	N	0	1010	1975	1571	319	6.52	2.35	33453	1888	n/a	9420	1972	n/a	195	1924	n/a	66	1972	n/a	
980	208827	n/a	0	0	n/a	N	0	1010	1752	1130	267	5.63	2.10	25228	1624	n/a	9929	1748	n/a	195	1708	n/a	65	1752	n/a	
984	209370	n/a	0	0	n/a	N	0	1010	2446	1369	268	5.89	2.68	44696	2208	n/a	8182	2424	n/a	176	2392	n/a	61	2444	n/a	
988	210266	n/a	0	0	n/a	N	0	0010	1178	492	211	4.09	1.29	17565	952	n/a	11834	1176	n/a	207	1160	n/a	53	1176	n/a	
993	211173	n/a	0	0	n/a	N	0	0010	883	581	298	5.12	1.05	51936	692	n/a	37928	880	n/a	638	872	n/a	83	880	n/a	
1000	212376	n/a	0	0	n/a	N	0	1010	989	715	381	6.63	1.25	35389	932	n/a	26295	988	n/a	406	988	n/a	64	988	n/a	
1016	215167	n/a	0	0	n/a	N	0	0010	1142	527	210	4.17	1.30	20030	992	n/a	9419	1140	n/a	198	1140	n/a	60	1140	n/a	
1026	218516	n/a	0	0	n/a	N	0	0010	1031	577	239	4.47	1.20	25658	888	n/a	17224	1028	n/a	320	992	n/a	65	1028	n/a	
1029	218758	n/a	0	0	n/a	N	0	1010	1867	1398	306	5.87	2.06	29602	1828	n/a	10390	1856	n/a	180	1824	n/a	58	1864	n/a	
1031	219079	n/a	0	0	n/a	N	0	1010	2215	1880	362	7.18	2.57	36812	2004	n/a	9977	2208	n/a	198	2148	n/a	61	2212	n/a	
1032	219386	n/a	0	0	n/a	N	0	1010	2087	1817	441	8.21	2.55	35051	2056	n/a	13811	2072	n/a	237	2012	n/a	63	2084	n/a	
1039	220868	n/a	0	0	n/a	N	0	1010	1122	618	253	4.73	1.20	35418	1076	n/a	12736	1120	n/a	256	1120	n/a	59	1120	n/a	
1055	222582	n/a	0	0	n/a	N	0	1010	1525	1008	551	9.24	1.83	28103	1364	n/a	27141	1524	n/a	458	1400	n/a	60	1524	n/a	
1061	223740	n/a	0	0	n/a	N	0	1010	1618	1536	305	6.33	2.15	64000	1588	n/a	18004	1616	n/a	384	1608	n/a	86	1616	n/a	
1072	225760	n/a	0	0	n/a	N	0	1010	1782	1221	308	6.58	2.12	26031	1708	n/a	9161	1780	n/a	196	1716	n/a	62	1776	n/a	
1084	227819	n/a	0	0	n/a	N	0	1010	1053	978	210	4.28	1.27	60750	972	n/a	17016	1048	n/a	343	1008	n/a	67	1048	n/a	
1086	228060	n/a	0	0	n/a	N	0	0010	1137	516	239	4.52	1.25	21296	912	n/a	18401	1136	n/a	317	1132	n/a	60	1136	n/a	
1089	228305	n/a	0	0	n/a	N	0	1010	929	841	312	5.50	1.12	52579	768	n/a	28754	928	n/a	524	920	n/a	75	928	n/a	
1091	228555	n/a	0	0	n/a	N	0	0010	889	598	354	6.15	1.15	55511	744	n/a	39296	888	n/a	652	824	n/a	73	884	n/a	
1094	229331	n/a	0	0	n/a	N	0	1010	1212	568	226	4.37	1.36	19634	1000	n/a	11590	1212	n/a	207	1204	n/a	64	1212	n/a	
1095	229856	n/a	0	0	n/a	N	0	1010	1408	1025	525	8.92	1.82	46088	1276	n/a	25976	1408	n/a	483	1320	n/a	84	1408	n/a	
1099	230232	n/a	0	0	n/a	N	0	0010	946	547	377	6.42	1.14	46789	792	n/a	37989	944	n/a	675	888	n/a	67	944	n/a	
1101	230830	n/a	0	0	n/a	N	0	1010	1020	742	456	7.59	1.26	57451	752	n/a	45519	1020	n/a	788	932	n/a	81	1020	n/a	
1106	231343	n/a	0	0	n/a	N	0	1010	1524	839	338	5.99	1.72	23028	1304	n/a	13560	1516	n/a	239	1440	n/a	59	1524	n/a	
1107	231633	n/a	0	0	n/a	N	0	1010	1841	1359	397	7.34	2.20	29237	1756	n/a	12228	1840	n/a	215	1808	n/a	66	1840	n/a	
1109	232242	n/a	0	0	n/a	N	0	1010	1635	789	222	4.59	1.70	21880	1376	n/a	9740	1612	n/a	184	1624	n/a	59	1632	n/a	
1110	232565	n/a	0	0	n/a	N	0	1010	1247	509	191	3.77	1.33	17229	996	n/a	9200	1244	n/a	164	1228	n/a	63	1244	n/a	
1114	233830	n/a	0	0	n/a	N	0	1010	1404	1077	406	7.07	1.68	31354	1364	n/a	14280	1404	n/a	244	1404	n/a	58	1404	n/a	
1115	233891	n/a	0	0	n/a	N	0	1010	1898	1383	386	7.39	2.25	30252	1764	n/a	14297	1892	n/a	246	1824	n/a	65	1896	n/a	
1129	236936	n/a	0	0	n/a	N	0	1010	906	846	462	7.66	1.16	55057	756	n/a	48006	904	n/a	806	860	n/a	62	904	n/a	
1133	237383	n/a	0	0	n/a	N	0	1010	2435	2137	438	8.25	2.80	39896	2188	n/a	10287	2432	n/a	203	2352	n/a	74	2428	n/a	
1135	237516	n/a	0	0	n/a	N	0	1010	1320	763	440	7.24	1.51	23483	1216	n/a	18123	1320	n/a	288	1296	n/a	63	1320	n/a	
1138	238298	n/a	0	0	n/a	N	0	1010	2121	1838	537	9.32	2.49	34726	2012	n/a	15640	2120	n/a	256	2012	n/a	58	2120	n/a	
1157	242714	n/a	0	0	n/a	N	0	1010	1542	991	472	7.94	1.76	28023	1360	n/a	20625	1512	n/a	365	1444	n/a	60	1540	n/a	
1168	245836	n/a	0	0	n/a	N	0	1010	1228	536	215	3.99	1.25	23046	1036	n/a	11653	1228	n/a	208	1216	n/a	52	1228	n/a	
1169	245887	n/a	0	0	n/a	N	0	1010	1869	1238	394	7.32	2.15	33737	1600	n/a	13228	1868	n/a	236	1860	n/a	61	1868	n/a	
1173	246238	n/a	0	0	n/a	N	0	1010	1867	1297	544	8.94	2.12	30626	1744	n/a	17990	1864	n/a	278	1792	n/a	63	1860	n/a	
1187	248951	n/a	0	0	n/a	N	0	0010	987	662	166	3.38	1.00	46271	780	n/a	15099	984	n/a	292	984	n/a	55	984	n/a	
1189	249263	n/a	0	0	n/a	N	0	1010	1294	485	216	4.15	1.30	17192	884	n/a	12254	1280	n/a	212	1292	n/a	60	1292	n/a	
1210	253404	n/a	0	0	n/a	N	0	1010	1803	1805	328	7.55	2.75	47375	1728	n/a	12258	1800	n/a	249	1784	n/a	79	1800	n/a	
1215	253678	n/a	0	0	n/a	N	0	0010	933	502	283	5.02	1.09	53700	416	n/a	30004	932	n/a	510	904	n/a	71	932	n/a	
1219	254511	n/a	0	0	n/a	N	0	1010	1722	1261	301	5.91	1.97	34997	1576	n/a	9738	1720	n/a	170	1684	n/a	59	1720	n/a	
1232	258086	n/a	0	0	n/a	N	0	1010	1264	805	315	5.58	1.47	51813	1040	n/a	25914	1264	n/a	460	1224	n/a	70	1264	n/a	
1241	260404	n/a	0	0	n/a	N	0	1010	1851	1374	357	6.77	2.17	32506	1780	n/a	13597	1848	n/a	258	1828	n/a	60	1848	n/a	
1242	260485	n/a	0	0	n/a	N	0	1010	1496	1045	391	6.75	1.67	26765	1460	n/a	12786	1496	n/a	228	1496	n/a	69	1496	n/a	
1245	260735	n/a	0	0	n/a	N	0	1010	1282	832	243	4.91	1.51	29183	1180	n/a	13707	1280	n/a	248	1280	n/a	58	1280	n/a	
1257	263367	n/a	0	0	n/a	N	0	0010	963	454	226	4.23	1.15	18183	872	n/a	14107	960	n/a	247	944	n/a	69	960	n/a	
1258	263412	n/a	0	0	n/a	N	0	0010	1112	547	209	4.00	1.21	19881	964	n/a	10544	1112	n/a	180	1112	n/a	59	1112	n/a	
1270	265383	n/a	0	0	n/a	N	0	1010	1436	1026	607	9.80	1.77	39866	1368	n/a	22023	1436	n/a	364	1436	n/a	60	1436	n/a	
1274	266365	n/a	0	0	n/a	N	0	0010	1030	470	160	3.13	0.96	42454	828	n/a	18777	1028	n/a	340	1024	n/a	59	1028	n/a	
1275	266697	n/a	0	0	n/a	N	0	1010	2258	1594	389	7.24	2.56	30952	2148	n/a	11048	2252	n/a	200	2244	n/a	63	2256	n/a	
1284	268026	n/a	0	0	n/a	N	0	0010	955	483	276	4.65	1.05	20319	820	n/a	17227	952	n/a	284	936	n/a	61	952	n/a	
1287	268684	n/a	0	0	n/a	N	0	0010	887	591	290	5.25	1.11	51585	752	n/a	29713	884	n/a	531	820	n/a	73	884	n/a	
1306	272762	n/a	0	0	n/a	N	0	1010	1991	1729	371	7.13	2.37	36331	1892	n/a	11259	1984	n/a	218	1920	n/a	65	1988	n/a	
1308	273465	n/a	0	0	n/a	N	0	1010	1470	962	372	6.46	1.63	45667	1388	n/a	15780	1468	n/a	275	1444	n/a	58	1468	n/a	
1312	274252	n/a	0	0	n/a	N	0	1010	1482	965	350	6.22	1.65	28209	1404	n/a	14626	1480	n/a	249	1464	n/a	56	1480	n/a	
1313	274324	n/a	0	0	n/a	N	0	1010	2016	1634	380	7.02	2.24	34185	1932	n/a	12540	2016	n/a	230	1972	n/a	68	2016	n/a	
1315	274469	n/a	0	0	n/a	N	0	0011	2977	3163	565	10.7	3.65	43895	2880	n/a	14418	2964	n/a	245	2812	n/a	65	2976	n/a	
1316	274560	n/a	0	0	n/a	N	0	1010	2364	2506	596	10.8	3.17	50808	2328	n/a	13265	2364	n/a	240	2332	n/a	71	2364	n/a	
1318	274784	n/a	0	0	n/a	N	0	1010	1506	784	288	5.27	1.61	22518	1332	n/a	11572	1500	n/a	217	1472	n/a	58	1504	n/a	
1328	276537	n/a	0	0	n/a	N	0	1010	1359	868	342	6.06	1.51	26757	1264	n/a	16114	1356	n/a	266	1332	n/a	69	1356	n/a	
1332	276648	n/a	0	0	n/a	N	0	0010	997	472	227	4.20	1.12	19271	868	n/a	10740	996	n/a	198	992	n/a	58	996	n/a	
1350	279739	n/a	0	0	n/a	N	0	1010	1169	663	313	5.46	1.28	35292	1100	n/a	20810	1168	n/a	353	1156	n/a	55	1168	n/a	
1358	281420	n/a	0	0	n/a	N	0	1010	2118	1031	427	7.26	2.21	23402	1616	n/a	14082	2116	n/a	249	2116	n/a	59	2116	n/a	
1360	281649	n/a	0	0	n/a	N	0	1010	1387	1006	443	7.45	1.67	33672	1332	n/a	18501	1384	n/a	327	1372	n/a	64	1384	n/a	
1361	281781	n/a	0	0	n/a	N	0	1010	2078	1651	379	7.21	2.43	35157	1936	n/a	11507	2072	n/a	213	2040	n/a	58	2076	n/a	
1363	282734	n/a	0	0	n/a	N	0	0010	1222	445	157	3.40	1.27	14429	992	n/a	7750	1220	n/a	168	1204	n/a	62	1220	n/a	
1382	286835	n/a	0	0	n/a	N	0	0010	930	538	223	4.05	1.03	42892	760	n/a	25854	928	n/a	459	928	n/a	69	928	n/a	
1385	287174	n/a	0	0	n/a	N	0	0010	927	636	323	5.60	1.11	65218	840	n/a	37495	924	n/a	649	924	n/a	76	924	n/a	
1391	288055	n/a	0	0	n/a	N	0	0010	875	730	262	4.80	1.11	65535	796	n/a	22998	872	n/a	415	872	n/a	71	872	n/a	
1394	288434	n/a	0	0	n/a	N	0	1010	2452	2663	603	10.6	3.22	46736	2404	n/a	12880	2452	n/a	248	2416	n/a	79	2452	n/a	

Data auto-stored after acquisition


FlowCell: 250 micron
Scan Rate: 2500K

Focal point 1
Trigger channel Extinction, thresholds: T=5000 T1=5000 T2=2000
N1= 300 N2= 300 Dip=0
Pre-pad=0  Post-pad=0

Focal point 2
Trigger channel Extinction, thresholds: T=2000 T1=5000 T2=2000
N1= 300 N2= 300 Dip=0
Pre-pad=0  Post-pad=0

Minimum time of flight: 40
Extinction detector power: 
0.56
Channels setup:
Extinction; gains=2.0pmt volts=0
Green; gains=2.0pmt volts=550
Yellow; gains=2.0pmt volts=340
Red; gains=2.0pmt volts=340

Pressure:
5.000;5.000;4.000;8.000;0.000
Drop width: 8.0
Sort delay: 8.0
Coincidence mode:  Pure
Lasers:
Sapphire488	power = 50
Sapphire561	power = 50

R2 (TOF;Extinction): 320,1088; 704,704; 1312,160; 6496,3776; 3360,5984;
R1 (TOF;Extinction): 2592,3680; 4096,6816; 7392,4192; 4000,1664; 2528,3648; 1408,3072;
R4 (TOF;Extinction): 1728,3616; 4384,1440; 1600,160; 320,1248;
Sort gate:
None
Stored data gate:
(R2)) 
Stored imaging gate:
None

Partial profiles
Green:  Tail each end contains 70% of total length
Red:  Tail each end contains 70% of total length

Compensation applied to profiles: No

Data stored: RAW (not compensated)
