Id	Time	Plate	Row	Column	Source well	Clog	Sorted status	In Regions	TOF	Extinction	Green	Yellow	Red	PH Extinction	PW Extinction	PC Extinction	PH Green	PW Green	PC Green	PH Yellow	PW Yellow	PC Yellow	PH Red	PW Red	PC Red	
5	453	n/a	0	0	n/a	N	0	1010	1258	837	12.1	1.54	1.30	38412	948	n/a	715	1216	n/a	72	1256	n/a	57	1256	n/a	
19	6266	n/a	0	0	n/a	N	0	1010	2128	2181	112	4.56	2.59	39928	2096	n/a	2423	2112	n/a	113	2056	n/a	70	2128	n/a	
22	6526	n/a	0	0	n/a	N	0	1010	1254	1253	465	8.20	1.65	63654	1088	n/a	34605	1248	n/a	631	1188	n/a	99	1252	n/a	
46	9153	n/a	0	0	n/a	N	0	1010	2498	2886	278	12.6	5.55	51056	2444	n/a	6671	2484	n/a	393	2452	n/a	152	2484	n/a	
48	9437	n/a	0	0	n/a	N	0	1010	2039	1264	58.5	3.19	2.16	26010	1872	n/a	1542	1960	n/a	85	2036	n/a	57	2036	n/a	
65	10750	n/a	0	0	n/a	N	0	0010	1105	536	19.8	1.56	1.10	21059	1000	n/a	905	1104	n/a	73	1104	n/a	57	1104	n/a	
74	11199	n/a	0	0	n/a	N	0	1010	2554	2669	160	5.76	3.08	40386	2492	n/a	3063	2544	n/a	118	2528	n/a	72	2552	n/a	
83	12202	n/a	0	0	n/a	N	0	0011	3345	3990	259	8.49	4.52	50729	3200	n/a	4002	3324	n/a	142	3296	n/a	85	3340	n/a	
85	12381	n/a	0	0	n/a	N	0	1010	1451	952	32.7	2.10	1.45	27823	1272	n/a	1264	1416	n/a	72	1448	n/a	55	1448	n/a	
86	12459	n/a	0	0	n/a	N	0	1010	1611	2179	123	4.36	2.16	65535	1504	n/a	6716	1596	n/a	227	1584	n/a	74	1608	n/a	
96	12767	n/a	0	0	n/a	N	0	1010	2209	2025	106	4.36	2.51	37330	2068	n/a	2498	2164	n/a	112	2208	n/a	63	2208	n/a	
98	12848	n/a	0	0	n/a	N	0	1010	1121	849	27.6	1.84	1.23	40793	1044	n/a	2314	1112	n/a	102	1120	n/a	57	1120	n/a	
102	13276	n/a	0	0	n/a	N	0	0011	2960	3644	284	9.08	4.23	54778	2792	n/a	4504	2824	n/a	180	2704	n/a	85	2900	n/a	
113	13868	n/a	0	0	n/a	N	0	0010	1080	530	15.1	1.39	1.07	55088	708	n/a	1829	1044	n/a	99	1080	n/a	59	1080	n/a	
116	13943	n/a	0	0	n/a	N	0	1010	1174	750	24.5	1.75	1.28	28270	1072	n/a	1181	1168	n/a	81	1172	n/a	56	1172	n/a	
125	14683	n/a	0	0	n/a	N	0	0011	2941	3384	258	8.16	4.09	46195	2864	n/a	4674	2928	n/a	186	2856	n/a	81	2940	n/a	
135	15492	n/a	0	0	n/a	N	0	1010	1192	670	19.3	1.69	1.27	21758	1092	n/a	923	1156	n/a	74	1192	n/a	57	1192	n/a	
160	17275	n/a	0	0	n/a	N	0	1010	1110	648	21.4	1.67	1.19	24323	1028	n/a	1098	1108	n/a	83	1108	n/a	60	1108	n/a	
169	17859	n/a	0	0	n/a	N	0	1010	2354	2741	162	5.74	2.91	45364	2312	n/a	3574	2344	n/a	126	2352	n/a	68	2352	n/a	
172	18023	n/a	0	0	n/a	N	0	1010	1943	827	28.7	2.69	2.04	20492	1740	n/a	840	1940	n/a	71	1940	n/a	54	1940	n/a	
174	18045	n/a	0	0	n/a	N	0	1010	1851	1030	34.1	2.53	1.87	22813	1708	n/a	1020	1820	n/a	74	1848	n/a	57	1848	n/a	
175	18047	n/a	0	0	n/a	N	0	1010	2529	2837	191	6.40	3.35	54932	2340	n/a	3746	2416	n/a	164	2444	n/a	75	2528	n/a	
177	18109	n/a	0	0	n/a	N	0	1010	943	1037	46.9	2.09	1.17	65535	892	n/a	3464	940	n/a	131	940	n/a	73	940	n/a	
184	18767	n/a	0	0	n/a	N	0	0010	1080	484	13.8	1.39	1.05	17500	916	n/a	667	1072	n/a	63	1080	n/a	56	1080	n/a	
194	19125	n/a	0	0	n/a	N	0	0010	1104	528	268	4.83	1.24	20385	928	n/a	12310	1104	n/a	216	1104	n/a	64	1104	n/a	
199	19554	n/a	0	0	n/a	N	0	1010	1511	979	37.2	2.23	1.48	26276	1368	n/a	1323	1496	n/a	73	1508	n/a	53	1508	n/a	
202	19652	n/a	0	0	n/a	N	0	0011	3137	3457	278	9.03	4.51	50481	3004	n/a	4844	3128	n/a	172	3064	n/a	75	3136	n/a	
205	19832	n/a	0	0	n/a	N	0	0010	1106	542	12.1	1.38	1.06	20327	924	n/a	674	1052	n/a	62	1104	n/a	49	1104	n/a	
213	20130	n/a	0	0	n/a	N	0	1010	1373	578	17.1	1.62	1.30	17605	1064	n/a	686	1372	n/a	77	1372	n/a	61	1368	n/a	
220	20425	n/a	0	0	n/a	N	0	0011	3192	4064	314	10.3	4.90	51924	3068	n/a	4885	3180	n/a	179	3068	n/a	92	3192	n/a	
227	20697	n/a	0	0	n/a	N	0	1010	1054	1130	127	7.00	3.17	61888	1020	n/a	7813	1052	n/a	437	1048	n/a	177	1052	n/a	
244	21555	n/a	0	0	n/a	N	0	1010	1862	1692	85.4	3.86	2.18	37017	1780	n/a	2242	1860	n/a	115	1860	n/a	62	1860	n/a	
284	24255	n/a	0	0	n/a	N	0	0010	2742	3117	206	6.67	3.49	49046	2592	n/a	4000	2688	n/a	140	2668	n/a	73	2740	n/a	
287	24397	n/a	0	0	n/a	N	0	0011	3731	4469	346	10.5	5.24	51445	3404	n/a	4801	3412	n/a	191	3304	n/a	99	3724	n/a	
295	24677	n/a	0	0	n/a	N	0	1010	2217	1688	74.6	3.72	2.36	34185	2068	n/a	1943	2200	n/a	93	2216	n/a	69	2216	n/a	
309	25404	n/a	0	0	n/a	N	0	0010	2748	3198	210	6.98	3.70	46331	2656	n/a	4090	2740	n/a	125	2740	n/a	72	2748	n/a	
313	25439	n/a	0	0	n/a	N	0	0010	1068	400	10.6	1.31	1.01	15856	840	n/a	560	1060	n/a	67	1068	n/a	54	1068	n/a	
327	26104	n/a	0	0	n/a	N	0	0010	1119	549	13.7	1.40	1.08	20115	912	n/a	777	1020	n/a	73	1116	n/a	53	1116	n/a	
328	26163	n/a	0	0	n/a	N	0	0010	2687	3048	187	6.42	3.28	46278	2536	n/a	3304	2564	n/a	132	2544	n/a	69	2672	n/a	
339	26584	n/a	0	0	n/a	N	0	1010	1912	1665	81.4	3.59	2.08	34540	1788	n/a	2042	1860	n/a	101	1848	n/a	73	1900	n/a	
349	27002	n/a	0	0	n/a	N	0	0010	1005	539	288	5.22	1.06	25975	900	n/a	30226	1004	n/a	543	1004	n/a	73	1004	n/a	
374	27927	n/a	0	0	n/a	N	0	0011	3290	3274	200	7.01	3.91	47177	3112	n/a	4073	3248	n/a	136	3244	n/a	74	3288	n/a	
396	28763	n/a	0	0	n/a	N	0	0010	1186	360	9.35	1.36	1.13	18034	508	n/a	601	1140	n/a	68	1184	n/a	57	1184	n/a	
405	29241	n/a	0	0	n/a	N	0	1010	1288	572	19.3	1.87	1.37	58262	616	n/a	2132	1284	n/a	113	1288	n/a	61	1288	n/a	
409	29446	n/a	0	0	n/a	N	0	1010	2253	2529	154	5.52	2.82	41122	2220	n/a	3127	2240	n/a	123	2236	n/a	68	2252	n/a	
435	29874	n/a	0	0	n/a	N	0	1010	1218	843	149	7.66	3.20	65535	576	n/a	23468	1216	n/a	1089	1216	n/a	386	1216	n/a	
456	30311	n/a	0	0	n/a	N	0	0010	962	596	222	4.24	1.05	42958	752	n/a	23351	952	n/a	440	960	n/a	69	960	n/a	
473	30878	n/a	0	0	n/a	N	0	1010	1468	537	187	3.92	1.46	15066	1064	n/a	9319	1468	n/a	179	1468	n/a	62	1468	n/a	
497	32113	n/a	0	0	n/a	N	0	0010	1084	433	11.3	1.26	1.02	16672	884	n/a	588	1064	n/a	74	1080	n/a	58	1080	n/a	
516	33196	n/a	0	0	n/a	N	0	0011	3104	3692	247	7.99	4.17	50058	3004	n/a	4146	3088	n/a	146	3072	n/a	73	3104	n/a	
523	33389	n/a	0	0	n/a	N	0	1010	2310	1968	75.6	3.98	2.52	34419	2212	n/a	1624	2284	n/a	91	2288	n/a	62	2304	n/a	
530	33670	n/a	0	0	n/a	N	0	1010	2468	2760	162	5.74	3.10	44460	2344	n/a	3307	2460	n/a	122	2448	n/a	76	2468	n/a	
541	34101	n/a	0	0	n/a	N	0	1010	1677	1119	45.7	2.63	1.77	30037	1476	n/a	1527	1676	n/a	76	1676	n/a	52	1676	n/a	
565	35223	n/a	0	0	n/a	N	0	0011	2947	3410	545	11.5	4.15	52758	2796	n/a	10261	2872	n/a	264	2736	n/a	91	2944	n/a	
568	35339	n/a	0	0	n/a	N	0	0011	2916	3354	207	7.17	3.82	47192	2728	n/a	3397	2916	n/a	128	2868	n/a	79	2916	n/a	
588	36331	n/a	0	0	n/a	N	0	1010	1823	894	30.3	2.32	1.79	22091	1596	n/a	1058	1776	n/a	65	1820	n/a	59	1820	n/a	
592	36462	n/a	0	0	n/a	N	0	1010	1737	1492	63.0	3.23	1.99	58359	1700	n/a	2851	1736	n/a	124	1736	n/a	63	1736	n/a	
609	37131	n/a	0	0	n/a	N	0	1010	1227	576	25.2	1.87	1.33	65071	480	n/a	2257	1224	n/a	119	1224	n/a	60	1224	n/a	
628	37822	n/a	0	0	n/a	N	0	0010	1075	540	18.1	1.56	1.14	24139	948	n/a	1513	1068	n/a	83	1072	n/a	52	1072	n/a	
637	38154	n/a	0	0	n/a	N	0	1010	1337	612	366	6.43	1.45	19777	1156	n/a	19595	1336	n/a	327	1280	n/a	58	1336	n/a	
654	39065	n/a	0	0	n/a	N	0	1010	989	1115	45.0	2.05	1.18	54502	948	n/a	3091	988	n/a	136	988	n/a	67	984	n/a	
662	39510	n/a	0	0	n/a	N	0	1010	1207	664	17.4	1.58	1.20	31148	1048	n/a	990	1196	n/a	78	1204	n/a	58	1204	n/a	
721	42215	n/a	0	0	n/a	N	0	1010	1706	1244	49.9	2.87	1.97	34071	1508	n/a	1668	1704	n/a	85	1704	n/a	68	1704	n/a	
744	43393	n/a	0	0	n/a	N	0	0010	2741	2882	150	5.63	3.16	41335	2688	n/a	2982	2716	n/a	107	2736	n/a	68	2740	n/a	
745	43475	n/a	0	0	n/a	N	0	0011	2786	3375	239	7.53	3.85	47144	2644	n/a	4167	2672	n/a	164	2656	n/a	86	2784	n/a	
747	43627	n/a	0	0	n/a	N	0	1010	1981	1459	55.5	3.36	2.18	31924	1880	n/a	1562	1976	n/a	94	1980	n/a	62	1980	n/a	
756	44152	n/a	0	0	n/a	N	0	1010	1690	1213	333	6.42	1.97	30772	1528	n/a	11945	1672	n/a	229	1628	n/a	62	1688	n/a	
796	46187	n/a	0	0	n/a	N	0	0010	1123	428	12.9	1.42	1.16	37121	872	n/a	1015	1072	n/a	62	1120	n/a	62	1120	n/a	
798	46224	n/a	0	0	n/a	N	0	1010	1144	601	18.0	1.57	1.18	22715	956	n/a	851	1140	n/a	70	1144	n/a	56	1144	n/a	
803	46701	n/a	0	0	n/a	N	0	1010	1271	678	31.2	1.92	1.27	58050	892	n/a	3039	1268	n/a	114	1268	n/a	68	1264	n/a	
846	48555	n/a	0	0	n/a	N	0	1010	1635	1246	55.7	2.82	1.80	32292	1528	n/a	1850	1620	n/a	89	1632	n/a	55	1632	n/a	
861	49070	n/a	0	0	n/a	N	0	1010	1242	600	14.6	1.56	1.24	20784	1040	n/a	694	1196	n/a	69	1240	n/a	57	1240	n/a	
879	49648	n/a	0	0	n/a	N	0	1010	2430	2357	138	5.46	3.01	40524	2336	n/a	3117	2420	n/a	125	2424	n/a	68	2428	n/a	
886	50138	n/a	0	0	n/a	N	0	0010	725	698	21.7	1.33	0.86	49343	664	n/a	2451	692	n/a	122	724	n/a	68	724	n/a	
897	50923	n/a	0	0	n/a	N	0	0010	1067	558	14.2	1.40	1.08	23140	968	n/a	706	1064	n/a	66	1064	n/a	57	1064	n/a	
898	50960	n/a	0	0	n/a	N	0	1010	1772	708	24.3	2.33	1.77	22857	1060	n/a	911	1732	n/a	70	1772	n/a	62	1772	n/a	
913	51461	n/a	0	0	n/a	N	0	0010	1032	551	19.3	1.44	1.04	34026	920	n/a	2436	1012	n/a	92	1032	n/a	54	1032	n/a	
918	51654	n/a	0	0	n/a	N	0	1010	844	837	27.2	1.53	0.94	43944	804	n/a	2085	840	n/a	120	844	n/a	64	844	n/a	
927	52281	n/a	0	0	n/a	N	0	1010	1757	1160	19.3	2.38	1.94	43263	1300	n/a	853	1732	n/a	77	1756	n/a	67	1756	n/a	
930	52615	n/a	0	0	n/a	N	0	1010	1761	1198	227	5.19	2.06	26660	1684	n/a	7668	1752	n/a	155	1720	n/a	59	1760	n/a	
961	54307	n/a	0	0	n/a	N	0	1010	1238	1056	40.4	2.33	1.46	65031	1184	n/a	2847	1236	n/a	120	1236	n/a	71	1236	n/a	
970	54763	n/a	0	0	n/a	N	0	1010	1143	810	27.0	1.84	1.25	54897	1052	n/a	1771	1140	n/a	103	1140	n/a	58	1140	n/a	
977	54989	n/a	0	0	n/a	N	0	1010	2468	2031	442	8.54	2.97	33507	2284	n/a	11079	2468	n/a	212	2416	n/a	67	2468	n/a	
978	55044	n/a	0	0	n/a	N	0	1010	1321	1130	45.5	2.53	1.57	62896	1260	n/a	3767	1320	n/a	162	1320	n/a	72	1320	n/a	
981	55170	n/a	0	0	n/a	N	0	1010	2242	2312	121	4.62	2.64	41666	2212	n/a	2459	2224	n/a	117	2240	n/a	62	2240	n/a	
982	55359	n/a	0	0	n/a	N	0	1010	2141	1552	57.8	3.25	2.24	29576	1872	n/a	1627	1948	n/a	89	2136	n/a	66	2136	n/a	
985	55383	n/a	0	0	n/a	N	0	1010	1596	998	41.0	2.56	1.80	26974	1412	n/a	1500	1596	n/a	81	1596	n/a	60	1596	n/a	
986	55534	n/a	0	0	n/a	N	0	1010	1336	565	283	5.15	1.34	17231	1084	n/a	11246	1336	n/a	211	1336	n/a	47	1336	n/a	
998	55982	n/a	0	0	n/a	N	0	1010	1942	1264	51.1	3.11	2.11	31120	1764	n/a	1465	1924	n/a	89	1940	n/a	57	1940	n/a	
1006	56336	n/a	0	0	n/a	N	0	1010	1550	917	27.6	2.19	1.61	30539	1404	n/a	980	1508	n/a	73	1548	n/a	51	1548	n/a	
1009	56467	n/a	0	0	n/a	N	0	1010	2661	1630	364	6.98	2.81	25346	2444	n/a	8820	2576	n/a	179	2544	n/a	54	2660	n/a	
1029	57854	n/a	0	0	n/a	N	0	1010	974	888	24.5	1.68	1.12	50879	844	n/a	1931	972	n/a	85	972	n/a	62	972	n/a	
1036	58111	n/a	0	0	n/a	N	0	0010	1042	478	170	3.60	1.14	19071	920	n/a	7805	1040	n/a	162	1040	n/a	59	1040	n/a	
1038	58223	n/a	0	0	n/a	N	0	0010	925	682	24.6	1.61	1.05	38976	856	n/a	2006	920	n/a	116	924	n/a	60	924	n/a	
1056	59404	n/a	0	0	n/a	N	0	0010	1022	441	8.49	1.22	0.96	17212	892	n/a	470	1020	n/a	69	1020	n/a	59	1020	n/a	
1059	59678	n/a	0	0	n/a	N	0	1010	1206	860	36.8	1.85	1.24	49994	1040	n/a	3300	1172	n/a	117	1204	n/a	56	1204	n/a	
1060	59679	n/a	0	0	n/a	N	0	1010	1634	949	473	8.17	1.87	26963	1424	n/a	17386	1632	n/a	282	1604	n/a	59	1632	n/a	
1065	59843	n/a	0	0	n/a	N	0	0010	824	621	16.1	1.18	0.82	50640	788	n/a	1356	824	n/a	94	824	n/a	57	824	n/a	
1067	59855	n/a	0	0	n/a	N	0	0010	994	524	17.7	1.42	1.02	21069	896	n/a	918	992	n/a	70	992	n/a	50	992	n/a	
1069	59962	n/a	0	0	n/a	N	0	1010	1108	623	18.1	1.54	1.13	42784	1080	n/a	1395	1108	n/a	81	1108	n/a	63	1108	n/a	
1081	60410	n/a	0	0	n/a	N	0	1010	1972	1019	29.3	2.62	2.02	20624	1700	n/a	936	1892	n/a	80	1972	n/a	67	1972	n/a	
1082	60445	n/a	0	0	n/a	N	0	0010	883	633	15.7	1.27	0.90	52063	816	n/a	1476	880	n/a	87	880	n/a	62	880	n/a	
1084	60511	n/a	0	0	n/a	N	0	1010	1728	1446	61.0	3.05	1.85	31486	1688	n/a	1914	1712	n/a	93	1728	n/a	66	1728	n/a	
1090	60714	n/a	0	0	n/a	N	0	1010	1432	776	21.9	1.94	1.44	22526	1216	n/a	890	1392	n/a	75	1432	n/a	53	1432	n/a	
1122	62670	n/a	0	0	n/a	N	0	1010	1207	555	20.3	1.67	1.25	18911	1040	n/a	898	1184	n/a	75	1204	n/a	55	1204	n/a	
1123	62832	n/a	0	0	n/a	N	0	0010	1023	430	9.49	1.22	0.99	16465	860	n/a	522	1012	n/a	62	1020	n/a	48	1020	n/a	
1136	63344	n/a	0	0	n/a	N	0	0010	888	678	19.9	1.30	0.91	54036	672	n/a	2124	880	n/a	97	888	n/a	50	888	n/a	
1139	63359	n/a	0	0	n/a	N	0	1010	1799	1438	73.0	3.62	2.13	29853	1752	n/a	1989	1796	n/a	98	1796	n/a	61	1796	n/a	
1143	63543	n/a	0	0	n/a	N	0	0010	888	690	18.0	1.30	0.95	50376	676	n/a	1961	844	n/a	90	888	n/a	70	888	n/a	
1148	63721	n/a	0	0	n/a	N	0	1010	2159	2034	116	4.70	2.69	38573	2064	n/a	2538	2140	n/a	103	2156	n/a	70	2156	n/a	
1150	63812	n/a	0	0	n/a	N	0	0010	1137	529	14.1	1.49	1.17	19251	952	n/a	760	1104	n/a	67	1136	n/a	50	1136	n/a	
1152	63876	n/a	0	0	n/a	N	0	0010	922	512	20.2	1.31	0.92	43604	700	n/a	2476	920	n/a	117	920	n/a	55	920	n/a	
1184	65470	n/a	0	0	n/a	N	0	1010	2340	1591	61.9	3.52	2.43	28940	2140	n/a	1455	2328	n/a	75	2340	n/a	52	2340	n/a	
1189	65802	n/a	0	0	n/a	N	0	1010	1215	1123	53.6	2.34	1.39	65535	1184	n/a	3865	1196	n/a	131	1212	n/a	58	1212	n/a	
1207	66502	n/a	0	0	n/a	N	0	0010	1049	480	11.1	1.33	1.03	18191	880	n/a	609	1048	n/a	66	1048	n/a	50	1048	n/a	
1223	67267	n/a	0	0	n/a	N	0	1010	1990	1138	49.2	2.96	2.05	31790	1780	n/a	1372	1936	n/a	71	1988	n/a	51	1988	n/a	
1237	67797	n/a	0	0	n/a	N	0	0010	933	526	13.6	1.28	0.92	51035	876	n/a	1255	932	n/a	94	932	n/a	55	932	n/a	
1263	69286	n/a	0	0	n/a	N	0	1010	2374	2421	129	4.95	2.78	42409	2300	n/a	2918	2360	n/a	121	2368	n/a	70	2372	n/a	
1280	69887	n/a	0	0	n/a	N	0	0010	781	662	19.9	1.30	0.87	47923	712	n/a	1856	772	n/a	103	780	n/a	62	780	n/a	
1286	70124	n/a	0	0	n/a	N	0	1010	1217	629	15.0	1.65	1.24	21823	1160	n/a	707	1216	n/a	70	1216	n/a	51	1216	n/a	
1292	70458	n/a	0	0	n/a	N	0	0010	1190	498	14.0	1.55	1.23	18844	916	n/a	640	1188	n/a	60	1188	n/a	54	1188	n/a	
1306	70796	n/a	0	0	n/a	N	0	0010	999	445	12.6	1.33	1.10	18830	784	n/a	715	980	n/a	70	996	n/a	58	996	n/a	
1335	72443	n/a	0	0	n/a	N	0	1010	2006	2394	156	5.23	2.63	65535	1976	n/a	6771	1988	n/a	222	1976	n/a	96	2000	n/a	
1342	72822	n/a	0	0	n/a	N	0	1010	1334	628	17.5	1.72	1.30	19306	1132	n/a	704	1328	n/a	76	1332	n/a	53	1332	n/a	
1363	73747	n/a	0	0	n/a	N	0	0010	1179	417	10.1	1.43	1.14	18661	812	n/a	536	1168	n/a	61	1176	n/a	49	1176	n/a	
1385	74708	n/a	0	0	n/a	N	0	0010	1016	523	16.5	1.34	0.99	36480	796	n/a	1770	960	n/a	91	1016	n/a	56	1016	n/a	
1404	75470	n/a	0	0	n/a	N	0	1010	1187	644	16.3	1.60	1.21	59126	956	n/a	1948	1184	n/a	107	1184	n/a	62	1184	n/a	
1417	76086	n/a	0	0	n/a	N	0	1010	1247	661	17.8	1.66	1.27	22800	1136	n/a	877	1244	n/a	72	1244	n/a	52	1244	n/a	
1424	76523	n/a	0	0	n/a	N	0	1010	1179	644	19.9	1.77	1.28	31943	1036	n/a	1240	1176	n/a	82	1176	n/a	62	1176	n/a	
1442	77190	n/a	0	0	n/a	N	0	1010	1312	1403	56.0	2.91	1.72	65535	1256	n/a	3717	1312	n/a	171	1312	n/a	70	1312	n/a	
1443	77240	n/a	0	0	n/a	N	0	1010	2554	2479	162	5.94	3.15	43821	2232	n/a	3626	2552	n/a	127	2544	n/a	73	2552	n/a	
1478	78506	n/a	0	0	n/a	N	0	1010	1800	744	24.5	2.26	1.80	18075	1408	n/a	810	1772	n/a	67	1800	n/a	58	1800	n/a	
1488	79185	n/a	0	0	n/a	N	0	0010	2784	3185	260	9.51	4.51	46315	2676	n/a	5015	2784	n/a	233	2656	n/a	121	2776	n/a	
1509	80343	n/a	0	0	n/a	N	0	1010	2324	2324	124	5.08	2.84	39340	2248	n/a	2410	2324	n/a	103	2324	n/a	70	2324	n/a	
1512	80554	n/a	0	0	n/a	N	0	1010	2366	2235	116	4.93	2.78	47514	2204	n/a	2739	2340	n/a	115	2364	n/a	67	2364	n/a	
1514	80872	n/a	0	0	n/a	N	0	0011	3618	3854	326	9.77	5.00	53054	3388	n/a	5490	3504	n/a	172	3304	n/a	83	3616	n/a	
1522	81463	n/a	0	0	n/a	N	0	1010	1981	1822	78.0	3.81	2.32	38305	1896	n/a	1850	1980	n/a	94	1980	n/a	55	1980	n/a	
1533	81861	n/a	0	0	n/a	N	0	0010	1057	474	16.9	1.44	1.06	41680	800	n/a	1622	1056	n/a	84	1056	n/a	50	1056	n/a	
1549	82449	n/a	0	0	n/a	N	0	1010	1946	1488	443	8.06	2.33	31675	1800	n/a	16583	1944	n/a	283	1864	n/a	61	1944	n/a	
1557	82914	n/a	0	0	n/a	N	0	1010	1222	530	13.6	1.52	1.28	18642	1020	n/a	651	1188	n/a	63	1220	n/a	55	1220	n/a	
1583	84279	n/a	0	0	n/a	N	0	0010	1039	546	15.6	1.40	1.05	23587	936	n/a	854	1024	n/a	65	1036	n/a	52	1036	n/a	
1616	85560	n/a	0	0	n/a	N	0	0010	1073	599	19.4	1.52	1.11	22842	980	n/a	1021	1072	n/a	70	1072	n/a	51	1072	n/a	
1625	86026	n/a	0	0	n/a	N	0	1010	1858	915	30.7	2.46	1.91	19847	1660	n/a	912	1776	n/a	65	1856	n/a	54	1856	n/a	
1630	86423	n/a	0	0	n/a	N	0	1010	2159	2438	166	5.67	2.84	44998	2132	n/a	3733	2156	n/a	127	2156	n/a	70	2156	n/a	
1636	86819	n/a	0	0	n/a	N	0	1010	1209	1061	41.4	2.13	1.32	65535	1176	n/a	3267	1204	n/a	131	1208	n/a	60	1208	n/a	
1643	87522	n/a	0	0	n/a	N	0	1010	2720	2603	149	5.69	3.29	44628	2556	n/a	2742	2644	n/a	128	2716	n/a	77	2720	n/a	
1682	90145	n/a	0	0	n/a	N	0	1010	2555	2867	702	12.9	3.67	42011	2508	n/a	16745	2552	n/a	302	2484	n/a	93	2552	n/a	
1694	90932	n/a	0	0	n/a	N	0	1010	1574	685	28.0	2.08	1.46	17937	1268	n/a	1257	1512	n/a	81	1572	n/a	62	1572	n/a	
1716	91542	n/a	0	0	n/a	N	0	1010	1209	1045	45.0	2.32	1.35	65535	1184	n/a	3522	1196	n/a	141	1208	n/a	58	1208	n/a	
1728	92266	n/a	0	0	n/a	N	0	0010	903	529	21.2	1.41	0.94	25305	844	n/a	1843	900	n/a	107	900	n/a	56	900	n/a	
1757	93566	n/a	0	0	n/a	N	0	1010	1632	838	33.3	2.34	1.75	21160	1376	n/a	1063	1632	n/a	71	1632	n/a	56	1632	n/a	
1802	95322	n/a	0	0	n/a	N	0	1010	1325	1360	54.0	2.54	1.39	65535	1276	n/a	3044	1324	n/a	126	1324	n/a	61	1324	n/a	
1805	95429	n/a	0	0	n/a	N	0	1010	1756	826	28.2	2.38	1.83	19701	1472	n/a	883	1756	n/a	65	1756	n/a	57	1756	n/a	
1811	95630	n/a	0	0	n/a	N	0	1010	947	1041	239	4.92	1.23	65535	920	n/a	17695	944	n/a	378	944	n/a	73	944	n/a	
1813	95757	n/a	0	0	n/a	N	0	1010	1094	735	32.1	1.80	1.17	40960	936	n/a	2357	1044	n/a	123	1092	n/a	63	1092	n/a	
1821	96101	n/a	0	0	n/a	N	0	0010	926	569	21.8	1.52	1.03	60293	492	n/a	2499	924	n/a	123	924	n/a	66	924	n/a	
1839	96849	n/a	0	0	n/a	N	0	0010	962	554	16.2	1.31	0.94	47669	908	n/a	1763	948	n/a	101	960	n/a	50	960	n/a	
1840	96896	n/a	0	0	n/a	N	0	0010	1125	439	6.70	1.25	1.06	33608	652	n/a	505	1100	n/a	59	1124	n/a	56	1124	n/a	
1862	98183	n/a	0	0	n/a	N	0	0010	2796	3026	200	7.27	3.90	49145	2620	n/a	4015	2748	n/a	169	2760	n/a	88	2796	n/a	
1871	98437	n/a	0	0	n/a	N	0	1010	945	843	36.2	1.82	1.10	54099	796	n/a	3589	928	n/a	118	944	n/a	61	944	n/a	
1895	99368	n/a	0	0	n/a	N	0	1010	1019	765	31.5	1.65	1.07	55346	668	n/a	3038	996	n/a	123	1016	n/a	61	1016	n/a	
1909	99941	n/a	0	0	n/a	N	0	1010	2127	1968	104	4.39	2.38	36466	2004	n/a	2570	2120	n/a	112	2124	n/a	60	2124	n/a	
1914	100320	n/a	0	0	n/a	N	0	1010	1555	847	31.5	2.19	1.56	23499	1328	n/a	1099	1500	n/a	68	1552	n/a	54	1552	n/a	
1916	100383	n/a	0	0	n/a	N	0	0010	795	795	335	6.06	1.07	51134	752	n/a	41092	792	n/a	726	788	n/a	67	792	n/a	
1939	101557	n/a	0	0	n/a	N	0	1010	1001	741	30.0	1.62	1.04	65535	912	n/a	2557	996	n/a	122	1000	n/a	57	1000	n/a	
1941	101826	n/a	0	0	n/a	N	0	1010	2535	2681	155	5.55	3.05	44128	2416	n/a	3366	2504	n/a	124	2508	n/a	74	2532	n/a	
1950	102228	n/a	0	0	n/a	N	0	0010	989	604	18.6	1.36	0.97	55072	692	n/a	2483	960	n/a	114	988	n/a	58	988	n/a	
1983	103615	n/a	0	0	n/a	N	0	1010	1717	830	34.6	2.47	1.78	24159	1400	n/a	1379	1716	n/a	81	1716	n/a	57	1716	n/a	
1986	103785	n/a	0	0	n/a	N	0	0010	1023	423	10.7	1.21	0.96	16159	916	n/a	515	1020	n/a	58	1020	n/a	53	1020	n/a	
1995	104057	n/a	0	0	n/a	N	0	1010	1220	655	19.0	1.70	1.25	23357	1080	n/a	894	1204	n/a	78	1220	n/a	63	1220	n/a	
2010	104653	n/a	0	0	n/a	N	0	1010	2056	1916	111	4.62	2.51	51752	1908	n/a	2926	2056	n/a	122	2048	n/a	68	2056	n/a	
2022	105235	n/a	0	0	n/a	N	0	1010	2479	2405	138	5.17	2.88	49539	2440	n/a	3662	2472	n/a	124	2476	n/a	66	2476	n/a	
2027	105595	n/a	0	0	n/a	N	0	1010	2167	1506	61.6	3.29	2.29	29922	1932	n/a	2234	2056	n/a	89	2160	n/a	59	2164	n/a	
2030	105714	n/a	0	0	n/a	N	0	1010	2142	1821	73.0	3.72	2.31	34770	2040	n/a	1765	2120	n/a	88	2140	n/a	64	2136	n/a	
2037	106193	n/a	0	0	n/a	N	0	0011	3406	4272	393	13.4	5.98	50340	3300	n/a	5605	3388	n/a	217	3224	n/a	106	3348	n/a	
2054	106818	n/a	0	0	n/a	N	0	0010	2804	2800	520	9.95	3.46	41104	2656	n/a	13209	2736	n/a	257	2604	n/a	68	2804	n/a	
2062	107196	n/a	0	0	n/a	N	0	1010	1463	951	37.6	2.33	1.59	27725	1336	n/a	1407	1460	n/a	85	1460	n/a	57	1460	n/a	
2071	107527	n/a	0	0	n/a	N	0	1010	2636	2728	165	5.98	3.39	42505	2528	n/a	3377	2620	n/a	124	2632	n/a	69	2636	n/a	
2073	107565	n/a	0	0	n/a	N	0	1010	2638	2853	165	6.11	3.24	45792	2540	n/a	3084	2636	n/a	129	2636	n/a	70	2636	n/a	
2079	107912	n/a	0	0	n/a	N	0	0010	862	605	24.5	1.30	0.83	53066	632	n/a	2995	860	n/a	118	860	n/a	68	860	n/a	
2095	108542	n/a	0	0	n/a	N	0	1010	1266	721	26.7	2.00	1.39	23564	1140	n/a	1176	1244	n/a	75	1264	n/a	59	1264	n/a	
2104	108805	n/a	0	0	n/a	N	0	1010	1513	852	31.8	2.28	1.62	28112	1316	n/a	1159	1500	n/a	81	1512	n/a	58	1512	n/a	
2105	108860	n/a	0	0	n/a	N	0	1010	2262	2214	107	4.47	2.60	42433	2212	n/a	2880	2260	n/a	115	2260	n/a	64	2260	n/a	
2130	110305	n/a	0	0	n/a	N	0	0011	3723	3940	348	10.6	5.33	52836	3592	n/a	4737	3672	n/a	169	3548	n/a	89	3712	n/a	
2139	110540	n/a	0	0	n/a	N	0	0010	887	593	18.9	1.27	0.87	43505	860	n/a	1572	880	n/a	86	884	n/a	53	884	n/a	
2140	110560	n/a	0	0	n/a	N	0	1010	1725	1354	57.7	3.25	1.98	31676	1624	n/a	1733	1720	n/a	86	1724	n/a	61	1724	n/a	
2160	111618	n/a	0	0	n/a	N	0	0010	1013	521	346	6.13	1.29	21679	828	n/a	28321	1012	n/a	512	984	n/a	72	1012	n/a	
2167	112079	n/a	0	0	n/a	N	0	0010	1135	477	18.4	1.54	1.16	51736	648	n/a	1602	1132	n/a	83	1132	n/a	54	1132	n/a	
2178	112638	n/a	0	0	n/a	N	0	1010	1390	675	19.2	1.81	1.39	21442	1168	n/a	814	1360	n/a	66	1388	n/a	52	1388	n/a	
2180	112662	n/a	0	0	n/a	N	0	1010	1669	689	23.2	2.24	1.69	18153	1200	n/a	749	1660	n/a	73	1668	n/a	63	1668	n/a	
2186	112877	n/a	0	0	n/a	N	0	1010	1144	615	18.7	1.54	1.11	39771	944	n/a	1228	1124	n/a	75	1144	n/a	50	1144	n/a	
2191	113115	n/a	0	0	n/a	N	0	1010	1061	771	419	7.25	1.32	48890	816	n/a	38060	1060	n/a	671	1052	n/a	68	1060	n/a	
2242	116643	n/a	0	0	n/a	N	0	1010	2238	2449	160	5.30	2.70	44831	2072	n/a	3710	2144	n/a	143	2152	n/a	69	2236	n/a	
2266	117875	n/a	0	0	n/a	N	0	0010	1154	438	10.2	1.42	1.14	16879	912	n/a	568	1148	n/a	74	1152	n/a	62	1148	n/a	
2267	117899	n/a	0	0	n/a	N	0	1010	2187	2080	105	4.49	2.55	37391	2152	n/a	2201	2184	n/a	99	2184	n/a	57	2184	n/a	
2270	117978	n/a	0	0	n/a	N	0	0010	2752	3285	236	7.61	3.77	47156	2692	n/a	4273	2736	n/a	134	2712	n/a	73	2752	n/a	
2289	118815	n/a	0	0	n/a	N	0	1010	1333	669	20.2	1.78	1.36	23358	1164	n/a	884	1312	n/a	65	1332	n/a	51	1332	n/a	
2318	120079	n/a	0	0	n/a	N	0	1010	2288	2045	90.9	4.40	2.68	38704	2192	n/a	2077	2288	n/a	98	2288	n/a	68	2288	n/a	
2336	120776	n/a	0	0	n/a	N	0	1010	1398	791	28.6	2.12	1.58	24640	1200	n/a	1117	1360	n/a	79	1396	n/a	62	1396	n/a	
2338	120823	n/a	0	0	n/a	N	0	1010	1192	1077	58.5	2.44	1.44	65535	1024	n/a	4858	1192	n/a	165	1192	n/a	76	1192	n/a	
2351	121392	n/a	0	0	n/a	N	0	1010	1067	674	263	5.03	1.24	54530	740	n/a	26597	1064	n/a	506	1056	n/a	71	1064	n/a	
2364	122188	n/a	0	0	n/a	N	0	0010	916	653	18.3	1.41	0.96	49231	772	n/a	2229	904	n/a	115	916	n/a	54	916	n/a	
2375	122802	n/a	0	0	n/a	N	0	0011	2747	3411	263	8.39	4.05	52192	2668	n/a	4832	2744	n/a	159	2728	n/a	82	2744	n/a	
2377	122828	n/a	0	0	n/a	N	0	0010	2707	2933	195	6.53	3.55	45454	2500	n/a	3547	2544	n/a	133	2592	n/a	71	2704	n/a	
2383	123009	n/a	0	0	n/a	N	0	0010	929	514	13.1	1.24	0.99	33539	724	n/a	1609	920	n/a	87	928	n/a	52	928	n/a	
2386	123091	n/a	0	0	n/a	N	0	1010	2748	2780	152	5.90	3.29	45132	2660	n/a	3237	2732	n/a	130	2732	n/a	65	2748	n/a	
2393	123248	n/a	0	0	n/a	N	0	0010	792	657	21.4	1.34	0.88	44759	672	n/a	2390	748	n/a	120	792	n/a	69	792	n/a	
2415	124185	n/a	0	0	n/a	N	0	1010	2281	2015	106	4.43	2.56	37443	2132	n/a	2732	2188	n/a	104	2256	n/a	63	2280	n/a	
2424	124726	n/a	0	0	n/a	N	0	0010	1093	497	18.8	1.47	1.07	60392	448	n/a	2101	1044	n/a	93	1092	n/a	52	1092	n/a	
2436	125347	n/a	0	0	n/a	N	0	1010	2517	2672	161	5.86	3.18	44556	2376	n/a	3448	2440	n/a	128	2508	n/a	67	2516	n/a	
2448	126105	n/a	0	0	n/a	N	0	0011	3746	3903	319	11.9	5.82	46639	3704	n/a	5028	3676	n/a	278	3460	n/a	130	3592	n/a	
2467	127079	n/a	0	0	n/a	N	0	0010	1038	635	18.5	1.58	1.15	41813	876	n/a	1665	1036	n/a	103	1036	n/a	57	1036	n/a	
2480	127587	n/a	0	0	n/a	N	0	1010	1662	1313	57.2	2.92	1.89	30263	1540	n/a	1639	1656	n/a	79	1660	n/a	56	1660	n/a	
2488	127978	n/a	0	0	n/a	N	0	1010	1352	876	39.5	2.31	1.51	27395	1196	n/a	2186	1344	n/a	103	1352	n/a	54	1352	n/a	
2491	128086	n/a	0	0	n/a	N	0	1010	1775	976	40.9	2.60	1.88	30597	1352	n/a	1737	1752	n/a	87	1772	n/a	55	1772	n/a	
2510	129032	n/a	0	0	n/a	N	0	1010	2381	2310	137	5.11	2.79	40516	2284	n/a	3197	2360	n/a	115	2332	n/a	63	2380	n/a	
2523	129523	n/a	0	0	n/a	N	0	1010	1710	1095	39.0	2.54	1.75	28509	1504	n/a	1375	1696	n/a	75	1708	n/a	53	1708	n/a	
2526	129643	n/a	0	0	n/a	N	0	0010	1011	501	20.3	1.45	1.05	31429	892	n/a	1218	1008	n/a	79	1008	n/a	57	1008	n/a	
2532	129908	n/a	0	0	n/a	N	0	1010	1718	1005	44.6	2.67	1.80	33798	1596	n/a	2330	1716	n/a	101	1716	n/a	56	1716	n/a	
2541	130474	n/a	0	0	n/a	N	0	0010	974	615	255	4.65	1.11	48245	728	n/a	28106	956	n/a	499	968	n/a	62	972	n/a	
2550	130877	n/a	0	0	n/a	N	0	0010	737	674	22.8	1.33	0.80	58364	560	n/a	2501	684	n/a	120	736	n/a	53	736	n/a	
2559	131462	n/a	0	0	n/a	N	0	1010	2311	1658	90.7	4.35	2.67	35011	2192	n/a	2140	2308	n/a	95	2308	n/a	61	2308	n/a	
2560	131468	n/a	0	0	n/a	N	0	1010	2433	2587	167	5.69	2.99	40739	2360	n/a	3139	2424	n/a	120	2424	n/a	64	2432	n/a	
2587	132656	n/a	0	0	n/a	N	0	0010	909	731	25.9	1.55	0.98	60366	876	n/a	2189	900	n/a	120	908	n/a	56	908	n/a	
2599	133190	n/a	0	0	n/a	N	0	1010	1184	633	14.3	1.51	1.15	22056	1092	n/a	749	1184	n/a	69	1184	n/a	49	1184	n/a	
2616	133812	n/a	0	0	n/a	N	0	1010	1482	910	34.2	2.22	1.59	27100	1304	n/a	1218	1464	n/a	81	1480	n/a	55	1480	n/a	
2620	134133	n/a	0	0	n/a	N	0	1010	1213	735	26.0	1.74	1.26	32858	1100	n/a	2113	1212	n/a	112	1212	n/a	71	1212	n/a	
2654	135818	n/a	0	0	n/a	N	0	0010	1183	493	18.0	1.57	1.17	27508	988	n/a	1303	1176	n/a	69	1180	n/a	59	1180	n/a	
2657	135940	n/a	0	0	n/a	N	0	0010	1079	577	20.2	1.45	1.06	24423	1000	n/a	1094	1072	n/a	68	1076	n/a	49	1076	n/a	
2677	136728	n/a	0	0	n/a	N	0	1010	1189	585	258	5.03	1.41	20081	1012	n/a	13623	1188	n/a	259	1176	n/a	59	1188	n/a	
2678	136734	n/a	0	0	n/a	N	0	1010	1981	1339	56.1	3.14	2.13	31684	1784	n/a	1628	1960	n/a	81	1980	n/a	62	1964	n/a	
2705	138181	n/a	0	0	n/a	N	0	0010	994	471	198	3.92	1.15	48625	812	n/a	27052	992	n/a	499	980	n/a	71	992	n/a	
2708	138223	n/a	0	0	n/a	N	0	1010	2575	1664	56.4	3.65	2.66	26435	2392	n/a	1161	2548	n/a	73	2572	n/a	53	2572	n/a	
2730	139189	n/a	0	0	n/a	N	0	0010	1031	500	13.1	1.35	1.05	22067	852	n/a	717	984	n/a	79	1028	n/a	61	1028	n/a	
2739	140012	n/a	0	0	n/a	N	0	0010	787	715	19.9	1.21	0.80	64543	720	n/a	1931	784	n/a	108	784	n/a	62	784	n/a	
2741	140120	n/a	0	0	n/a	N	0	1010	2113	2670	178	5.93	2.84	65535	2084	n/a	6920	2112	n/a	208	2112	n/a	71	2112	n/a	
2747	140422	n/a	0	0	n/a	N	0	1010	1409	1005	42.1	2.29	1.52	49274	1320	n/a	2571	1400	n/a	124	1408	n/a	66	1408	n/a	
2766	141516	n/a	0	0	n/a	N	0	0010	927	542	20.4	1.39	0.96	64265	724	n/a	3564	904	n/a	127	924	n/a	60	924	n/a	
2769	141812	n/a	0	0	n/a	N	0	1010	1952	1487	54.9	3.27	2.23	29896	1828	n/a	1502	1952	n/a	88	1952	n/a	58	1952	n/a	
2773	142060	n/a	0	0	n/a	N	0	1010	965	689	17.4	1.49	1.05	50864	728	n/a	1889	924	n/a	104	964	n/a	53	964	n/a	
2786	142826	n/a	0	0	n/a	N	0	1010	1220	627	15.6	1.66	1.28	24531	1044	n/a	909	1192	n/a	80	1220	n/a	64	1216	n/a	
2789	142933	n/a	0	0	n/a	N	0	1010	1185	692	19.3	1.65	1.16	28168	1056	n/a	967	1184	n/a	73	1184	n/a	55	1184	n/a	
2801	143579	n/a	0	0	n/a	N	0	0010	1138	373	9.42	1.41	1.19	14271	720	n/a	484	1116	n/a	62	1136	n/a	56	1136	n/a	
2816	144185	n/a	0	0	n/a	N	0	1010	1842	2084	101	4.19	2.24	65535	1804	n/a	4164	1836	n/a	174	1836	n/a	81	1840	n/a	
2845	145196	n/a	0	0	n/a	N	0	1010	1165	673	22.3	1.72	1.24	56836	752	n/a	2261	1164	n/a	112	1164	n/a	60	1164	n/a	
2852	145739	n/a	0	0	n/a	N	0	0010	2747	3191	223	7.50	3.88	48468	2648	n/a	4162	2732	n/a	158	2704	n/a	78	2744	n/a	
2857	146120	n/a	0	0	n/a	N	0	1010	2567	2351	126	5.24	3.01	40104	2464	n/a	2866	2548	n/a	110	2564	n/a	60	2564	n/a	
2883	146991	n/a	0	0	n/a	N	0	1010	1325	887	30.7	2.07	1.37	26127	1280	n/a	1133	1324	n/a	81	1324	n/a	62	1320	n/a	
2904	148040	n/a	0	0	n/a	N	0	0010	1021	565	14.2	1.35	1.01	47815	860	n/a	1555	1008	n/a	106	1020	n/a	59	1020	n/a	
2943	149591	n/a	0	0	n/a	N	0	0010	883	667	302	5.39	1.00	48964	844	n/a	30427	880	n/a	547	880	n/a	59	880	n/a	
2944	149619	n/a	0	0	n/a	N	0	1010	1364	728	21.5	1.91	1.48	56987	1076	n/a	1745	1364	n/a	104	1364	n/a	59	1364	n/a	
2945	149689	n/a	0	0	n/a	N	0	1010	1324	1720	89.1	3.44	1.72	65535	1300	n/a	4428	1324	n/a	151	1320	n/a	66	1324	n/a	
2957	150039	n/a	0	0	n/a	N	0	1010	1594	640	21.6	2.01	1.56	15907	1372	n/a	690	1576	n/a	69	1592	n/a	54	1592	n/a	
2965	150533	n/a	0	0	n/a	N	0	1010	1723	1049	490	8.57	1.91	30996	1624	n/a	20097	1720	n/a	339	1704	n/a	70	1720	n/a	
2970	150786	n/a	0	0	n/a	N	0	1010	1138	1011	42.9	2.11	1.29	63716	1000	n/a	3275	1136	n/a	118	1136	n/a	61	1136	n/a	
2978	151032	n/a	0	0	n/a	N	0	1010	867	819	30.9	1.52	0.88	47178	708	n/a	2540	848	n/a	106	864	n/a	55	864	n/a	
2996	151818	n/a	0	0	n/a	N	0	1010	2065	1833	75.1	3.79	2.32	35311	2032	n/a	1857	2052	n/a	91	2064	n/a	57	2064	n/a	
3008	152474	n/a	0	0	n/a	N	0	1010	1348	1023	43.9	2.27	1.47	48807	1320	n/a	1969	1344	n/a	104	1348	n/a	56	1348	n/a	
3011	152634	n/a	0	0	n/a	N	0	1010	822	850	38.1	1.77	0.91	65535	792	n/a	3118	820	n/a	155	820	n/a	71	820	n/a	
3015	152847	n/a	0	0	n/a	N	0	0010	1016	486	14.3	1.34	0.96	39229	900	n/a	1388	1004	n/a	79	1016	n/a	54	1016	n/a	
3028	153305	n/a	0	0	n/a	N	0	1010	2273	2120	117	4.72	2.72	39597	2168	n/a	2797	2272	n/a	117	2272	n/a	75	2272	n/a	
3057	155184	n/a	0	0	n/a	N	0	0010	978	518	16.5	1.33	0.99	21086	888	n/a	845	976	n/a	68	976	n/a	50	976	n/a	
3068	155978	n/a	0	0	n/a	N	0	0010	837	589	16.4	1.29	0.88	42738	772	n/a	1797	832	n/a	94	836	n/a	54	836	n/a	
3069	156000	n/a	0	0	n/a	N	0	1010	2292	2859	194	6.66	3.26	64959	2264	n/a	4499	2292	n/a	156	2292	n/a	83	2292	n/a	
3100	157729	n/a	0	0	n/a	N	0	1010	1348	847	32.9	2.05	1.44	25529	1208	n/a	1350	1316	n/a	76	1348	n/a	54	1348	n/a	
3101	157801	n/a	0	0	n/a	N	0	1010	2167	2665	168	5.65	2.79	65535	2136	n/a	5283	2164	n/a	162	2164	n/a	67	2164	n/a	
3110	158152	n/a	0	0	n/a	N	0	1010	1678	893	27.0	2.37	1.76	22616	1452	n/a	946	1580	n/a	70	1676	n/a	55	1676	n/a	
3145	159905	n/a	0	0	n/a	N	0	1010	1131	1215	58.5	2.54	1.30	65535	1036	n/a	4556	1120	n/a	166	1120	n/a	66	1128	n/a	
3171	161390	n/a	0	0	n/a	N	0	0010	1058	458	13.8	1.24	1.00	19102	820	n/a	864	1032	n/a	66	1056	n/a	54	1056	n/a	
3178	161518	n/a	0	0	n/a	N	0	0010	1069	571	18.1	1.49	1.11	21845	996	n/a	899	1068	n/a	70	1068	n/a	54	1068	n/a	
3187	161752	n/a	0	0	n/a	N	0	1010	1105	781	26.5	1.65	1.12	56600	1032	n/a	2158	1100	n/a	106	1104	n/a	54	1104	n/a	
3197	162296	n/a	0	0	n/a	N	0	1010	1517	1058	37.9	2.35	1.62	36197	1344	n/a	1512	1516	n/a	88	1516	n/a	58	1516	n/a	
3203	162579	n/a	0	0	n/a	N	0	0010	921	564	19.5	1.50	1.04	45291	824	n/a	1949	920	n/a	93	920	n/a	58	920	n/a	
3210	162823	n/a	0	0	n/a	N	0	0010	2514	3329	262	7.88	3.71	54814	2456	n/a	4904	2512	n/a	164	2472	n/a	80	2512	n/a	
3245	164613	n/a	0	0	n/a	N	0	1010	1063	1276	60.0	2.81	1.43	52511	948	n/a	3176	1060	n/a	140	1060	n/a	73	1060	n/a	
3274	165815	n/a	0	0	n/a	N	0	1010	1178	555	248	4.62	1.24	18735	948	n/a	12837	1176	n/a	237	1164	n/a	57	1176	n/a	
3284	166137	n/a	0	0	n/a	N	0	0010	918	543	15.5	1.40	1.04	53248	736	n/a	1597	916	n/a	98	916	n/a	61	916	n/a	
3287	166288	n/a	0	0	n/a	N	0	0010	994	483	17.2	1.44	1.11	21800	780	n/a	1490	956	n/a	84	992	n/a	62	992	n/a	
3288	166351	n/a	0	0	n/a	N	0	1010	2331	1046	36.3	3.05	2.35	35131	1392	n/a	1416	2232	n/a	76	2328	n/a	57	2328	n/a	
3303	166923	n/a	0	0	n/a	N	0	1010	1551	810	21.9	2.18	1.73	21743	1316	n/a	900	1512	n/a	70	1548	n/a	58	1548	n/a	
3319	167847	n/a	0	0	n/a	N	0	1010	2406	2701	168	5.90	3.07	45175	2340	n/a	3416	2404	n/a	119	2392	n/a	64	2404	n/a	
3340	168423	n/a	0	0	n/a	N	0	0010	2700	3052	202	6.79	3.54	48210	2612	n/a	3592	2700	n/a	146	2688	n/a	87	2700	n/a	
3367	169484	n/a	0	0	n/a	N	0	1010	1104	1060	49.3	2.26	1.28	64903	1044	n/a	3597	1104	n/a	115	1104	n/a	57	1104	n/a	
3378	170070	n/a	0	0	n/a	N	0	0011	2937	3379	231	7.61	3.91	49478	2768	n/a	3968	2820	n/a	154	2860	n/a	83	2936	n/a	
3394	170771	n/a	0	0	n/a	N	0	1010	1748	1035	43.8	2.67	1.89	45284	1688	n/a	2603	1744	n/a	127	1748	n/a	60	1748	n/a	
FlowCell: 250 micron
Scan Rate: 2500K

Focal point 1
Trigger channel Extinction, thresholds: T=5000 T1=5000 T2=2000
N1= 300 N2= 300 Dip=0
Pre-pad=0  Post-pad=0

Focal point 2
Trigger channel Extinction, thresholds: T=2000 T1=5000 T2=2000
N1= 300 N2= 300 Dip=0
Pre-pad=0  Post-pad=0

Minimum time of flight: 40
Extinction detector power: 
0.58
Channels setup:
Extinction; gains=2.0pmt volts=0
Green; gains=2.0pmt volts=550
Yellow; gains=2.0pmt volts=340
Red; gains=2.0pmt volts=340

Pressure:
5.000;5.000;4.000;8.000;0.000
Drop width: 8.0
Sort delay: 8.0
Coincidence mode:  Pure
Lasers:
Sapphire488	power = 50
Sapphire561	power = 50

R2 (TOF;Extinction): 320,1088; 704,704; 1312,160; 6496,3776; 3360,5984;
R1 (TOF;Extinction): 2592,3680; 4096,6816; 7392,4192; 4000,1664; 2528,3648; 1408,3072;
R4 (TOF;Extinction): 1728,3616; 4384,1440; 1600,160; 320,1248;
Sort gate:
None
Stored data gate:
(R2)) 
Stored imaging gate:
None

Partial profiles
Green:  Tail each end contains 70% of total length
Red:  Tail each end contains 70% of total length

Compensation applied to profiles: No

Data stored: RAW (not compensated)
